10006	135
1001	22569
10013	8346
10020	4144
10041	6429
10048	27423
10062	68923
10069	40120
10125	129770
10132	6934
10139	51
10146	9234
1015	9512
10160	29417
10188	122516
10195	24975
10202	30806
10209	18922
10216	112
1022	25234
10223	29762
10258	14098
10265	408
10272	958
10286	39
10293	5705
10314	19119
10321	6149
10328	5104
10335	1829
10342	15035
10356	20498
1036	33
10377	4358
10391	28637
10398	29769
104	71166
10405	10014
10412	16691
10419	2390
10426	2411
10433	3000
10440	22792
10447	940
10468	766
10475	10411
10482	682
10489	395
10496	4651
1050	25501
10503	20295
10510	5626
10517	28527
10538	1456
10545	5327
10559	1927
10566	7549
1057	21026
10573	38375
10587	15074
10629	305
10636	222
1064	1415
10650	11395
10671	2829
10678	883
10685	26838
10692	1152
10699	19797
10706	80
1071	49
10741	103
10748	25185
10762	2009
10783	20855
10811	601
10818	15281
10825	9856
10832	12639
10839	1038
1085	29380
10853	1583
10860	25834
10867	1030
10881	12974
10895	6998
10902	14276
10923	372
10930	9282
10937	175
10951	1047
10958	5291
10965	48328
10972	94105
10979	16240
10986	7758
1099	11713
10993	27
11000	332
11028	47402
1106	333
11070	11121
11084	4606
11091	152
11098	112577
111	50651
11112	18709
11119	50757
1113	156
11140	71
11147	41463
11154	37045
11161	3128
11175	28860
11182	40
11189	8129
11196	23873
11210	7526
11217	9716
11224	11317
11231	48
11245	50663
11252	34685
11259	345
11266	7584
1127	1471
11287	5355
11294	10595
11301	21457
11322	58109
11329	3303
11336	70550
1134	15648
11343	12100
11357	2847
11364	4063
11378	31
11399	14444
1141	145894
11413	28
11420	19120
11427	33042
11434	2834
11441	24110
11448	11197
11476	6449
1148	42401
11483	18690
11490	11843
11497	45544
11511	3187
11518	8124
11525	17723
11532	475
11539	16088
11546	10755
1155	2026
11553	52360
11560	24338
11574	10993
11581	110
11588	24728
11595	35361
11602	10784
11609	24074
11616	28748
1162	25452
11623	61
11630	32058
11637	2226
11644	28
11651	16612
11658	4798
11665	54584
1169	426
11693	48643
11700	34520
11707	520
11714	26954
11721	18731
11728	34930
11735	5351
11742	2763
11749	184
11756	22124
11763	11115
11777	181
11784	47289
11798	85
118	2325
11819	94
1183	9213
11840	6352
11854	7755
11868	5774
11882	20337
11896	36
1190	37447
11903	42032
11924	7256
11931	395
11952	8317
11959	7105
1197	30634
11973	14
11980	7105
11987	2059
11994	376
12015	57973
12029	35819
1204	279
12050	24351
12057	987
12064	24144
12071	15095
12078	12143
12085	5311
12092	36266
12106	209
1211	6878
12113	118
12120	1994
12141	54477
12155	77
1218	21085
12183	56
12190	34542
12197	6703
12218	79007
12232	39385
12239	21089
12253	14157
12260	10043
12267	37144
12274	29092
12281	37969
12288	30032
12295	831
12302	5462
12309	2231
12316	11252
1232	3809
12323	22471
12330	284
12344	66
12351	9505
12358	426
12365	24666
12379	21262
12386	26080
1239	7093
12393	5507
12400	531
12407	1366
12414	66
12421	361
12428	11854
12435	16812
12449	9753
12456	1651
1246	24930
12463	4149
12470	1007
12477	24173
12484	10648
12491	27756
12498	18824
125	141
12505	5663
12512	10324
12519	144
12526	800
1253	81
12533	1053
12540	37077
12547	824
12554	11598
12575	33698
12589	30584
12596	23470
1260	74
12603	532
12610	43788
12617	27690
12624	487
12638	15622
12645	45
12652	45834
12659	19139
1267	55
12673	8212
12687	3896
12694	40
12701	17559
12715	1975
12736	29537
1274	123
12743	24759
12750	2770
12757	2058
12764	8570
12813	45086
12820	145
12827	54972
12834	145
12855	50
12862	1338
1288	11674
12890	356
12897	1615
12904	1615
12911	63
12918	3021
12925	1135
12939	41039
12946	30328
12953	43552
12974	137
12981	100
12988	13041
13002	7278
13009	20974
13016	25339
1302	43953
13023	11100
13030	191
13037	12082
13044	920
13058	18796
13072	761
13079	15794
13086	16313
1309	14529
13093	5034
13100	25261
13107	16794
13121	174
13128	20183
13135	32202
13142	40372
13149	16773
1316	12827
13184	814
13191	73514
13198	4097
132	46040
13212	19137
13219	66
1323	32706
13233	49101
13247	49538
13254	22987
13275	4096
13282	8257
13289	319
13296	710
1330	678
13303	2616
13310	371
13317	5560
13331	17184
13352	16286
13359	6398
13366	2074
1337	6468
13373	30144
13387	32039
13401	24544
13408	51228
13415	15130
13422	64
1344	21025
13450	9641
13457	12925
13478	17782
13485	545
13499	467
13506	10867
13513	12948
13541	14174
13548	15146
13555	10422
1358	2053
13590	40124
13611	20339
13618	23418
13625	799
13653	67763
13660	97984
13667	11919
13674	14555
13681	2184
13695	108
13709	22300
1372	22824
13723	4654
13737	61
13744	16422
13786	2183
1379	92
13793	300
13800	4530
13821	25646
13828	1735
13842	310
13849	29685
13856	275
13870	46
13884	1539
13898	46822
13912	13161
13926	11667
1393	708
13947	19879
13954	31620
13968	14209
13975	38512
13989	17312
14003	2984
14010	9506
14017	738
14024	13974
14045	30072
14052	26
14066	7701
14073	30426
14080	41866
14087	329
14094	43214
14101	568
14108	17123
14115	20771
14122	32112
1414	29133
14150	117
14157	24219
14164	258
14171	8703
14185	1969
14192	26374
14206	9664
1421	5011
14220	13715
14227	6885
14241	976
14255	13624
14262	6621
14269	5923
14276	50882
1428	180
14283	20514
14297	292
14311	3703
14318	8991
14332	13610
14339	35194
14360	24805
14374	1479
14381	112
14388	1150
14402	34886
1442	198
14423	28598
14444	10540
14465	34994
14472	8763
14486	84263
1449	589
14521	4792
14556	34019
1456	46226
14563	6956
14577	13400
14584	12688
14591	150
146	5550
14605	15054
14612	28619
14619	63692
1463	43383
14633	124
14647	764
14661	209
14675	44527
14682	3296
14696	15112
1470	3428
14717	3780
14731	11003
14738	1998
14745	416
14766	11956
1477	60686
14780	23441
14787	403
14794	5268
14808	1299
14822	10827
14829	33245
14836	253
1484	24111
14857	2618
14871	18183
14878	3700
14885	9364
14906	19790
1491	28997
14913	15612
14927	5490
14934	5011
14941	10913
14948	549
14955	25
14976	85
1498	6980
14997	14441
15	6717
15004	3626
15011	8980
15025	4383
15046	8050
1505	518
15060	25250
15067	3082
15102	11551
15109	841
15116	15046
1512	497
15123	52689
15144	12749
15151	17640
15165	8771
15179	323
1519	6428
15193	90
15214	49154
15221	111579
15228	157
15235	7508
15242	5420
15249	3566
15270	49328
15291	550
15298	21251
153	236
15312	64639
15340	27406
15347	2800
15354	44883
15361	11983
15375	11753
15389	3189
1540	6941
15410	12603
15424	3669
15431	14276
15438	10601
15445	20482
15452	4387
15459	20216
1547	8420
15487	8986
15494	30863
15508	6383
15515	21897
15536	889
1554	390
15557	5503
15571	129
15578	4846
15585	50304
15599	1632
15606	10053
1561	20387
15613	28976
15620	1608
15627	7053
15634	7923
15648	24928
15655	11421
15662	16692
15669	54
15676	23408
1568	23703
15683	29197
15704	90
15746	15971
1575	34695
15767	5992
15774	23000
15788	18123
15809	1330
15816	54159
1582	6799
15830	34
15837	2474
15844	124
15851	3898
15858	6270
15886	429
1589	16446
15907	28
15914	6205
15921	45970
15942	772
1596	38
15963	3392
15977	1147
15998	53907
16005	5749
16012	26021
16019	45939
1603	28483
16040	759
16047	4010
16068	36982
16075	32854
16082	5346
16089	4065
16096	71
1610	1083
16103	26244
16110	1358
16138	4951
16145	20717
16152	54954
16159	12140
1617	167
16187	71
16194	23528
16201	34
16215	11557
16222	14537
16229	2107
16236	932
1624	23930
16243	8877
16278	35876
16285	53164
16306	290
1631	12985
16313	70811
16327	87730
16334	13837
16348	71
16362	303
16369	10809
16376	4491
1638	93
16390	50214
16397	19758
16404	13016
16411	6538
16418	35011
16432	47651
16467	25229
16488	34011
16495	5566
16502	6481
1652	7751
16523	2326
16530	524
16537	1227
16544	42
16558	11089
16565	49012
1659	47977
16593	31
16607	19465
16614	4512
16635	107
16642	20643
16649	40267
1666	266
16670	27410
16677	61
167	432
16719	1584
1673	451
16740	251
16747	2825
16754	70
16782	807
16796	3267
16803	332
16810	565
16817	4438
16824	17359
16831	1037
16845	7525
16873	49933
16880	19428
16887	18800
16894	304
16901	5778
16908	2951
16929	31
1694	47063
16950	13676
16957	32632
16964	51978
16978	10620
16985	54
16992	63
16999	31607
17006	18656
1701	49495
17013	37
17027	7380
17034	103
17041	16872
17062	17966
17069	18755
1708	17930
17083	936
17097	20291
17111	32312
17118	10251
17125	12899
17139	40602
1715	20880
17160	15057
17174	1742
1722	36031
17223	43788
17237	2043
17244	5565
17258	1009
17265	1238
17272	10217
17286	22597
1729	20473
17293	10131
17314	134
17321	1573
17328	1546
17370	10506
17398	2423
174	16326
17419	51022
17426	8150
1743	49382
17433	137
17440	975
17454	7738
17461	21690
17489	2019
17496	244
17503	39103
17517	1735
17531	27871
17538	83
17552	11686
17566	583
1757	96772
17587	21464
17594	420
17608	55232
17615	21107
17629	40309
1764	28
17643	71
17657	3865
17664	19948
17671	5734
17678	106
17692	15042
1771	3936
17713	8263
17720	55
17769	15458
17776	4226
1778	24984
17783	4431
17790	1895
17797	10426
17804	26580
17846	62
1785	23426
17853	13192
17860	81
17867	11882
17874	9648
17888	13412
17895	80
17909	108
17916	5036
1792	14345
17923	2300
17930	34246
17937	42914
17986	18845
1799	2458
17993	34091
18000	42
18007	5462
18014	17218
18035	20985
18049	27456
18056	48735
1806	2448
18063	53
18084	2808
18098	14283
181	3090
18112	54
18119	241
18126	12967
1813	16975
18133	8288
18147	1731
18161	89
18168	10381
18175	12271
18182	1158
18189	50391
18196	2758
18203	92769
18210	18700
18217	96067
18224	32691
18231	68818
18238	9174
18245	14017
18259	56
18266	8512
1827	20
18280	40503
18287	48025
18294	15856
18301	34951
18322	32
18329	28955
1834	159
18343	16628
18350	7235
18357	15029
18364	3106
18371	37418
18378	119
18385	29459
18399	25692
18406	4268
1841	380
18413	58
18420	7446
18434	1652
18455	3883
18462	26913
1848	2048
18483	5755
18490	148
18511	147
18518	6547
18532	113
18539	12748
18546	6303
18553	16299
18567	38748
18574	769
18581	28879
18588	84
18602	32883
18609	264
18616	7091
1862	37
18630	19105
18637	5965
18644	47876
18658	83
18672	559
18679	663
18686	16609
1869	19308
18700	6118
18721	1783
18728	14764
18742	19427
18749	46102
18763	3133
18784	34307
18791	26954
188	3822
18812	1887
18819	8904
18826	16146
1883	52178
18833	9270
18840	15137
18854	2380
18868	20633
18889	58
1890	3180
18903	5384
18910	36544
18917	3319
18924	16637
18938	16704
18945	8245
18959	5644
18966	12187
1897	25
18973	32193
18987	108
18994	346
19001	16680
19008	17439
19036	30577
1904	42
19043	9528
19057	86
19071	41452
19085	2129
19092	14682
19106	282
19113	363
19134	1335
19155	100
19162	18952
19176	17486
19190	1900
19197	7570
19204	16670
19232	18075
19239	35344
19246	11016
1925	1123
19253	52786
19260	17809
19267	38965
19274	27082
19281	16799
19302	6557
19309	37238
1932	37090
19330	6281
19337	10684
19344	11003
19358	509
19365	57576
19372	12029
19386	5914
1939	54091
19393	7981
19400	120
19407	11839
19421	3835
19428	21663
19456	16088
1946	10225
19463	43
19470	93
19477	14759
19484	39380
19498	38622
195	481
19512	23977
19519	6718
1953	22822
19533	962
19540	2756
19554	12826
19561	20086
19568	13290
19575	35947
19582	298
1960	5177
19603	747
19617	7534
1967	5823
19673	20034
19694	27085
19708	379
19722	110
19736	31751
1974	105
19743	19599
19750	6888
19757	29354
19764	2194
19771	8853
19778	967
19785	21494
19792	21881
1981	11177
19813	13093
19834	1467
19841	8854
19848	1551
19855	22979
19862	626
19869	85
1988	172
19883	13442
19890	1331
19911	55495
19918	15004
19925	90563
1995	1084
19953	504
19967	116
19974	18511
19988	964
20002	26283
20009	22564
20016	56751
2002	523
20023	28819
20030	2141
20037	609
20044	7332
20058	260
20065	1868
20072	7140
20079	28959
20086	22918
2009	602
20093	17670
20107	15692
20114	17312
20121	308
20128	23668
20149	17437
20156	457
2016	8652
20163	34744
20170	3732
20177	5979
20184	2686
20198	6797
20212	92866
20219	3403
20226	19620
2023	5825
20247	4063
20254	39647
20268	54
20275	28238
20289	29233
2030	30137
20310	12844
20317	20575
20331	29394
20338	705
20345	5582
20352	490
20366	123
2037	44
20373	193
20380	45
20387	33423
20401	7271
20408	25941
20415	15840
2044	90426
20443	3766
20450	1806
20457	3333
20464	872
20478	1527
20492	864
20499	8568
20506	31526
2051	33057
20513	49997
20534	12206
20548	11448
20555	3288
20562	405
20569	28021
20576	580
20583	23977
20597	7878
20604	9711
20611	40351
20625	3887
20639	18836
20646	97
2065	307
20653	151
20667	243
20674	34244
20688	28261
20709	4535
2072	342
20723	405
20730	1222
20758	25848
20765	1482
20786	3907
2079	22784
20793	10604
20800	183
20828	2427
20835	58448
20842	3025
20849	16311
20856	32042
2086	22592
20870	862
20891	12234
209	20184
20912	77
2093	20429
20933	261
20947	22929
20961	173
20968	16177
20982	1739
20989	62240
2100	24786
21010	45417
21017	28414
21038	13915
21052	1902
2107	1464
21115	8507
21122	10224
2114	23042
21150	124
21164	59
21171	11730
21178	16413
21192	83
2121	60915
21213	1090
21234	9888
21241	16921
21248	1170
21255	5695
21276	2459
2128	18892
21283	23952
21304	1595
21311	1158
21318	12471
21332	20736
21346	35377
2135	20946
21353	92
21360	232
21367	255
21381	8012
21395	10441
21402	87891
21409	20336
21416	5752
21451	3619
21465	1922
21472	34769
21479	11792
21500	37242
21507	31775
21521	32
21528	563
21535	8662
21542	608
21556	55525
2156	24207
21563	244
21570	77
21577	2966
21591	4477
21598	140
216	34296
21605	7754
21619	9329
21626	116882
2163	5263
21633	2388
21640	6774
21654	65495
21668	6494
21682	2300
2170	24000
21703	127
21710	18008
21724	35181
21731	793
21738	39019
21745	65775
2177	6809
21794	11311
21801	12952
21808	47639
21815	53949
2184	3418
21843	10224
21850	18307
21857	25447
21864	919
21871	5390
21878	58231
21892	544
21899	5390
21906	6203
2191	43495
21913	242
21920	28255
21927	16326
21962	17812
22	17985
22004	43700
22011	19
22032	2147
22046	17261
2205	13723
22053	605
22074	188
22081	2523
22102	196
22109	17036
2212	13009
22130	10307
22151	11036
22158	5301
22172	358
22179	36
2219	12349
22207	14685
22214	112176
22235	408
22249	14462
2226	12721
22263	457
22270	60
22277	452
22291	1554
22298	588
223	14656
22305	14391
22312	1960
22326	12398
2233	3712
22333	1416
22340	57342
22361	1108
22375	7344
22396	17615
2240	2130
22410	42622
22431	45051
22452	18426
22459	3588
22466	2018
2247	103364
22473	2283
22480	16091
22487	31109
22508	7978
22515	64721
22529	42685
22536	7913
2254	1097
22543	15517
22550	10627
22606	616
2261	77
22634	15239
22641	36856
22648	188
22669	97
2268	4471
22690	22655
22711	205
22725	26207
2275	440
22767	8923
22774	720
22788	53657
22816	239
2282	71158
22823	87
22844	5622
22851	1389
22858	6712
22886	6570
2289	3039
22893	175
22900	32321
22907	8382
22914	658
22921	9730
22935	14043
2296	981
22963	52281
22977	3648
22991	53
22998	20984
230	869
23019	9966
2303	33035
23033	63448
23040	34
23047	88279
23054	24448
23061	1280
23089	19792
23096	8500
2310	4221
23124	27
23131	8917
23138	451
23159	9641
23166	1679
2317	9209
23180	6744
23194	3928
23201	848
23222	18293
23236	24
23250	46
23264	37431
23271	11769
23299	41810
2331	17807
23313	145
23320	81
23327	2341
23341	32796
23362	2562
23369	28752
23376	2250
23404	3876
23411	20858
23432	1919
23439	1952
23446	32265
2345	13785
23453	2614
23474	14654
23481	2354
23495	84
23509	10994
23516	4164
2352	64
23537	19515
23544	14122
23558	423
23565	13064
2359	130
23607	29229
23614	40730
23628	2294
23642	7051
2366	41542
23663	25460
23670	15577
23684	4334
23691	32779
237	1396
23733	905
23754	8335
23768	22809
23782	152
23789	4855
2380	33667
23810	12592
23817	8370
23831	12933
2387	17251
23887	11422
23894	4398
23901	13174
23908	46982
23922	810
2394	323
23943	7426
23964	167
23971	12799
23985	12008
23992	12009
23999	26656
24006	36166
2401	68
24013	14070
24034	4481
24041	1836
24069	80
24076	14726
2408	61113
24083	37048
24104	26770
24111	4470
24118	94
24132	268
24139	33000
2415	35013
24153	28944
24167	109
24174	1892
24181	320
24195	5657
24202	14676
24216	45336
2422	1178
24251	3490
24272	8566
24286	209
2429	6917
24307	17341
24314	19367
24335	66927
24349	4092
24356	7299
24363	5472
24370	323
24377	18604
24384	18040
24391	2458
24398	57351
24412	18250
24419	332
24426	56
24447	10778
24468	6917
24489	21759
2450	22317
24503	11211
24510	13275
24517	1535
24552	11975
24559	39277
24566	4880
24573	21998
24587	394
24601	7866
24608	18
24622	986
24671	5702
24678	19869
24692	251
24713	2323
24741	1640
24748	482
24755	1277
24762	9685
24769	11229
24776	4616
2478	29482
24790	82
24797	18523
24811	209
24825	23756
24832	36105
24839	8735
24846	1456
2485	52691
24874	45331
24881	26776
24902	691
24923	15449
24930	3252
24958	980
24965	17258
24979	528
24986	2188
2499	13510
25000	120
25007	1100
25021	28157
25035	3007
25042	378
25049	124881
25056	47174
25070	15034
25091	19338
25105	124
2513	51689
25140	144
25147	22092
25154	17499
25168	246
25182	13027
25210	9670
25224	24350
25245	20581
25273	117
25280	45068
25329	168
25336	29064
2534	14569
25343	10635
25350	35086
25357	418
25364	62
25371	1530
25378	1195
25399	3313
25413	243
25434	8111
25441	4640
25448	1863
25462	311
25483	8620
25490	60
25504	5769
25511	6839
25532	10945
25546	1049
25553	844
25567	19029
25609	49073
25616	7610
2562	20573
25665	8583
25672	57466
25686	11890
2569	66545
25700	19125
25707	18115
25721	12745
25728	7183
25742	13873
25756	2486
2576	6672
25770	28661
25777	31990
25784	1215
25798	6793
258	29413
2583	11112
25854	16449
25861	740
2597	3922
2604	15915
2618	55293
2625	7213
2632	7010
2639	3834
2646	18048
265	28813
2653	1161
2667	1797
2674	14282
2681	26
2695	1871
2709	25736
2730	21065
2751	5742
2758	18201
2765	7531
2779	39478
2786	413
279	39077
2793	29
2800	283
2821	18833
2828	149
2835	540
2842	25181
2849	57
286	23226
2870	2975
2884	31509
29	9864
2905	8840
2912	21369
2919	505
293	33
2947	3833
2954	10907
2982	37422
2989	675
2996	16009
300	55749
3010	7039
3017	20149
3024	32022
3031	24624
3038	523
3052	84007
3059	5121
3066	27405
307	30345
3073	4352
3087	15035
3094	25892
3101	424
3108	4095
3115	26307
3122	13799
3129	658
3136	25488
314	908
3143	647
3157	646
3164	24
3178	16299
3192	105
3199	16978
3206	612
321	39739
3213	21087
3234	16365
3241	18769
3248	13658
3255	668
3262	1675
3269	355
3276	64
328	1286
3283	6757
3297	24601
3304	9302
3325	11994
3332	5345
3339	69265
335	9083
3353	48586
3381	11028
3395	2409
3402	102
3416	3081
342	33619
3430	853
3444	1994
3451	1112
3458	2287
3472	5810
3507	18687
3514	4724
3521	20039
3528	42622
3549	17377
3556	16455
356	22201
3563	16551
3577	3343
3584	5594
3591	7094
36	1093
3612	57692
3619	20795
363	8546
3633	285
3647	1175
3654	7024
3661	14438
3689	483
3696	4003
370	1212
3703	19
3724	79
3731	88646
3738	21970
3745	25791
3752	184
3759	13405
3766	162
377	33392
3787	18529
3822	2660
3829	13459
3836	3789
384	2440
3843	7635
3850	32230
3871	9526
3878	23465
3885	24137
3892	8634
3913	52008
3927	96
3934	9026
3948	59
3955	5673
3969	8531
3976	167
398	23197
3983	32059
3990	581
3997	28949
4	5077
4004	73374
4011	20083
4018	114
4025	32263
4032	1205
4046	189
405	27805
4053	234
4060	6927
4067	12074
4074	17772
4081	21953
4095	878
4102	109
4116	5293
412	22353
4123	93
4130	32463
4137	30236
4144	30113
4151	16775
4158	7224
4165	127
4172	26796
4179	16330
4186	3970
419	30188
4193	5273
4207	56
4221	7324
4228	16085
4235	10499
4242	4654
4256	1294
4263	2364
4270	467
4277	9049
4291	1277
4298	1115
43	66121
4305	35482
4312	10993
4319	67305
4326	32295
433	3327
4333	2818
4340	3358
4354	11311
4368	1173
4375	12497
4382	284
4389	21370
4396	154
440	37738
4410	605
4431	26854
4438	36192
4445	95
4452	35385
4459	64981
4466	4448
447	42
4473	7629
4480	15709
4487	1439
4494	17427
4501	22781
4508	1349
4515	10634
4522	1258
4536	23446
454	15582
4557	20913
4571	31578
4578	2262
4585	18931
4592	11904
4599	20425
461	53246
4627	20850
4634	16542
4655	74
4662	397
468	1785
4683	15552
4690	5199
4697	58571
4704	27952
4711	25727
4718	9572
4725	6405
4732	104
4739	1718
475	6157
4753	2481
4760	876
4767	11487
4774	26
4788	867
4816	4717
482	63318
4830	73801
4844	41764
4858	12016
4865	91
4872	259
4879	12221
4886	1756
4893	298
4900	74024
4907	81
4914	14349
4921	5353
4928	14298
4935	4742
4956	14812
496	88
4963	946
4977	2524
4984	613
50	212
5012	31278
5019	136
5026	78098
5033	16443
5040	18797
5054	25593
5061	49825
5068	18509
5075	4440
5096	1246
510	97
5103	7481
5110	34593
5117	87
5124	2827
5131	16903
5145	7166
5152	276
5159	264
517	16591
5173	40436
5187	1182
5194	116
5215	18017
5222	295
5229	8009
5236	23631
524	1334
5243	121
5250	88
5257	26594
5264	42613
5271	3789
5278	15145
5285	9866
5292	71549
5299	1259
531	21213
5313	24974
5327	9503
5348	1832
5355	270
5376	25184
538	9118
5383	81
5390	23979
5397	4542
5404	18456
5411	1044
5418	14784
5425	10876
5432	15538
5439	550
5446	14373
545	940
5453	3433
5460	265
5467	50412
5474	6807
5481	1892
5488	2587
5495	4424
552	19300
5530	5197
5544	648
5558	20352
5565	19995
5572	45687
5579	365
5586	1597
559	5816
5607	25563
5628	429
5635	34903
5642	45
5656	13540
5670	50336
5677	2689
5684	28838
5698	9475
57	155
5705	72
5719	43
5726	15914
573	3032
5733	5251
5747	8904
5754	34
5761	141
5775	10618
5782	569
5789	10135
580	20561
5803	27803
5810	77
5817	1561
5824	15400
5852	4628
5866	5817
587	16736
5873	21398
5880	3278
5887	32
5894	19
5901	14743
5915	86255
5922	44
5929	28099
5936	8966
594	69
5957	8809
5964	1529
5971	8642
5978	432
5985	1391
5992	40171
5999	33054
6006	2006
601	21528
6013	5035
6027	11312
6034	67976
6041	13146
6048	4609
6062	53
6076	1789
608	30371
6083	1124
6090	63578
6097	486
6118	19672
6125	937
6132	54086
615	5957
6153	17990
6160	17430
6167	18752
6174	56
6181	20769
6188	1934
6195	19122
6202	2219
6209	43476
622	91
6223	9660
6230	32
6237	16387
6244	33420
6251	2174
6258	22654
6272	14304
6279	48
629	21028
6293	18563
6300	41001
6307	30734
6314	2840
6321	12394
6342	234
6349	3643
6356	381
636	8326
6377	374
6405	12890
6419	76193
6426	521
643	13351
6433	1266
6454	89136
6461	355
6468	35077
6482	8119
6489	3107
6496	29433
650	5614
6510	29674
6524	1932
6531	145
6545	2862
6559	56421
6566	942
657	227
6573	3178
6594	23567
6601	10027
6629	18541
6636	155
664	75
6643	346
6650	4760
6657	22513
6664	7391
6678	5783
6685	44047
6692	58624
6699	8365
6706	18569
671	31
6713	73738
6720	136
6734	60152
6748	33508
6755	37891
6769	62286
6776	11256
6790	44
6797	8504
6818	4749
6825	99460
685	12538
6853	78
6867	20089
6881	47977
6888	37370
6902	740
6916	7095
6923	96994
6972	5495
6979	877
699	13421
6993	8133
7007	1100
7014	12368
7021	3766
7028	1259
7035	3263
7042	10113
7056	8982
706	11944
7063	34892
7070	12765
7077	14213
7084	31105
7105	23356
7119	25366
7126	13401
713	32358
7133	44
7140	1918
7147	666
7154	2326
7161	15003
7175	31639
720	11685
7203	83
7210	191
7217	25
7224	1546
7259	26
7266	10973
727	14006
7273	12086
7287	458
7294	143
7301	112
7308	3178
7315	33943
7322	32824
7329	864
734	4099
7343	5127
7364	929
7371	19650
7378	37160
7385	23269
7392	4455
7399	37878
7406	13369
7413	16344
7427	15372
7434	10483
7441	3770
7448	94
7455	274
7462	69457
7469	1629
7476	61071
748	9431
7497	22911
7504	215
7518	255
7525	144
7532	11880
7539	44
7546	2162
755	596
7553	2279
7560	19612
7567	24235
7574	5083
7581	10841
7588	8593
7595	123
7602	35492
7609	6974
762	8341
7630	30693
7637	42
7644	56411
7679	22372
7686	377
7700	280
7707	12868
7714	120
7728	37
7749	988
7756	5508
776	40
7763	7092
7777	2138
7784	211
7791	25090
7798	7793
78	37171
7826	14993
7833	34262
7847	2368
7861	53807
7868	11556
7875	19023
7882	10125
7896	21007
790	266
7903	1677
7917	34442
7938	6002
7945	103
7959	6360
7973	16019
7980	110085
7987	11969
8001	48290
8008	83
8015	13572
8029	8344
804	39
8057	46621
8071	360
8078	966
8085	49703
8092	4763
8106	13381
811	38626
8113	1038
8127	14093
8141	9497
8155	48094
8162	18967
8169	573
8176	7758
8183	3975
8190	8216
8197	39347
8204	4290
8218	969
8239	11647
8246	517
8253	36
8260	14356
8267	1158
8274	9881
8281	743
8309	13869
8316	794
832	30851
8323	41
8330	21613
8337	4558
8351	316
8358	42165
8365	14677
8379	140
839	137
8393	4895
8400	34948
8407	18358
8414	2001
8421	5441
8435	52590
8442	11676
8449	68855
8456	9192
8463	11261
8477	12892
8491	15134
8498	6289
85	11886
8512	15967
8519	7396
853	1185
8540	4546
8554	1905
8561	23188
8568	14953
8582	24
8589	17072
8596	44832
8603	489
8617	1783
8645	26124
8652	24711
8659	17493
867	14827
8673	21991
8680	874
8694	42794
8701	186
8715	64241
8729	69506
8736	74017
8750	102
8757	4198
8764	26242
8771	18773
8778	902
8785	99
8799	13253
8806	9136
881	11789
8813	10742
8820	172
8827	37877
8834	27431
8841	39340
8848	7032
8855	29944
888	221
8890	35685
8897	284
8904	20959
8911	24127
8918	6978
8932	102704
8946	3974
895	9755
8953	1184
8960	1340
8974	562
8981	1793
8995	5652
9002	32485
9016	16936
902	41116
9023	83425
9030	79596
9037	2075
9058	1251
9072	7651
9079	10158
9086	29527
909	14617
9093	1007
9100	77900
9114	9373
9128	90
9156	8353
916	63
9170	30446
9184	14578
9198	13346
92	763
9212	2989
9219	126
9226	88
923	844
9240	34009
9247	37549
9268	17671
9275	14019
9282	297
9310	23245
9317	65317
9324	286
9331	178
9338	51247
9366	16203
937	89343
9373	186
9394	390
9401	1843
9408	34
9415	1857
9422	15205
9429	527
9436	1990
9443	84
9450	14887
9457	441
9464	8178
9478	8465
9492	12604
9499	2689
9506	8271
951	661
9513	29779
9534	399
9541	13972
9548	22558
9555	13050
9562	4086
9569	25
958	65153
9583	3766
9590	23364
9604	17793
9618	2538
9632	4831
9639	11940
9646	41725
965	8742
9660	43347
9667	13906
9674	13630
9681	675
9688	197
9695	10664
9702	31254
9716	7444
972	2441
9723	10315
9730	6059
9737	1637
9744	2462
9751	499
9779	60
979	16664
9793	9474
9800	11583
9807	1955
9814	34540
9821	20548
9835	80606
9842	64
9849	9675
9856	10894
986	867
9863	17410
9877	1167
9884	48660
9891	20322
9898	101
9919	801
9926	2581
9933	14120
9940	20442
9947	21836
9961	8499
9975	11744
9989	1644
9996	59
