10007	77
10014	28324
10021	37048
10028	34473
10035	16312
10042	24900
10049	511
10056	1796
10070	24173
10084	1836
1009	53556
10098	323
10105	10348
10112	31687
10126	3037
10133	18708
10161	1531
10168	42091
10182	155
10189	1152
10196	593
10210	1037
10217	29715
1023	9290
10231	58
10238	509
10245	12077
10252	3496
10259	17996
10273	176
10287	10557
10294	40500
1030	234
10308	65252
10315	2122
10322	12418
10336	10053
10350	57606
10357	19665
10364	4781
1037	262
10371	8653
10378	1310
10385	6109
10392	201
10406	66545
10420	38799
10427	4372
10434	29525
1044	5007
10441	4678
10448	1428
10455	1302
10462	5799
10469	10208
10490	4220
105	57434
10504	22636
1051	17420
10518	630
10525	5463
10532	443
10539	16772
10546	2245
10553	11610
10560	49
1058	30275
10581	18756
10588	31399
10595	23476
10602	20102
10609	12858
10616	10341
10623	29605
10630	22890
10637	8897
1065	15641
10651	276
10658	280
10679	30189
10693	14358
10714	16536
1072	8637
10728	10924
10735	5954
10742	774
10749	10612
10756	441
10763	13
10770	31433
10784	4628
1079	6723
10805	92
10826	25758
10833	20404
10840	3387
10847	16325
10854	1399
10861	1301
10868	10449
10882	3447
10896	459
10903	1188
10917	244
10924	251
1093	41681
10931	30116
10938	1769
10959	283
10966	32339
10980	1513
10994	29783
11008	10332
11029	207
11036	1400
11050	8248
11057	52705
11064	9655
1107	4475
11071	404
11078	1507
11085	85
11099	13148
11106	2076
11113	6147
11134	8327
1114	33659
11141	352
11148	27
11169	430
11176	4123
11183	139
11190	7610
1121	83544
11211	42881
11218	998
11225	40214
11246	5727
11253	123
11260	2884
11274	1892
1128	236
11281	25945
11302	340
11309	27635
11316	43847
11323	3307
11330	167
11337	1179
1135	14737
11358	12733
11365	8258
11372	403
11379	46
11386	40918
11407	282
11414	1315
1142	46167
11428	132
11435	12063
11456	44642
11463	21686
11470	11795
11477	397
11484	22529
1149	26703
11505	25563
11512	571
11526	46495
11533	64220
11540	66662
11547	5384
1156	10055
11561	22967
11568	778
11582	20550
11596	13814
11603	742
11610	130
11638	666
11652	33913
11659	3998
11673	23152
11680	25562
11694	18023
1170	662
11715	16472
11722	16314
11729	3715
11736	270
11757	62662
11764	18423
1177	32735
11778	6456
11792	16561
11799	33892
11806	25580
11813	14171
11827	11994
1184	19239
11841	3598
11855	45349
11862	236
11869	201
11876	19776
11890	1194
11897	96
119	1168
11904	6262
1191	57587
11911	40029
11918	54806
11925	4562
11939	33598
11946	271
11953	2576
11967	550
11974	38249
11988	230
11995	550
12002	2367
12016	29
12023	9338
12044	12963
12051	75315
12058	620
12065	5965
12072	7406
12093	7392
12114	488
12121	7999
12128	592
12149	10387
12163	11763
12170	43957
12177	1950
12184	3290
1219	173
12191	66105
12198	29004
12205	4410
12219	4251
12226	6031
12240	7781
1226	17348
12261	5818
12275	3248
12282	197
12303	34037
12310	87257
12317	1768
1233	42083
12338	25461
12345	17430
12359	8691
12366	9958
12380	28779
12394	19753
1240	42862
12401	814
12408	24500
12415	4959
12422	3240
12450	137
12457	29
1247	14249
12471	11246
12478	5648
12485	94
12492	119310
12499	323
12513	9206
12520	63461
12527	152
12534	37133
1254	70
12541	21081
12548	82
12562	1248
12569	25091
12576	45399
12590	61785
12597	16394
12604	10706
1261	71459
12611	62775
12625	45294
12632	4004
12646	4619
12653	8855
12674	125
1268	247
12681	903
12695	7626
12702	403
12723	22881
12737	12329
12751	4415
12758	218
12765	4432
12772	1975
12779	11931
12786	45412
12800	24179
1282	72
12821	9419
12828	73454
12835	46631
12849	46
12856	12042
12870	35441
12884	56576
1289	28473
12891	11513
12898	2795
12905	11931
12912	56355
12919	55586
12933	39167
12947	5307
12954	1308
1296	9349
12961	24749
12975	442
12989	23994
12996	101
13003	3734
1303	15567
13038	39464
13045	4476
13052	25543
13059	293
13066	13644
13080	41494
13087	486
13094	19190
1310	34570
13101	9218
13108	9736
13115	17684
13122	22
13129	24698
13136	412
13150	5896
13157	25667
13164	2617
1317	21173
13178	2667
13185	438
13199	4295
13206	15656
13213	12598
13220	61
13227	3312
13248	344
13255	15080
13276	15214
13297	30038
1331	52739
13311	30582
13318	24743
13339	10515
13346	27191
13353	177
13374	1574
1338	37212
13381	150
13388	39
13402	15742
13416	7909
13423	11437
13430	15117
13451	9654
13458	243
13465	4066
13472	10255
13486	2224
1352	38425
13528	6120
13535	53426
13542	30102
13556	14339
13563	49219
13570	4536
13577	61073
13584	8113
13591	78
13598	35136
13619	16226
13633	60811
1366	38165
13675	9366
13682	13088
13703	406
13710	84
13717	44446
13731	38430
13745	1640
13752	1988
13759	24762
13773	39630
13780	6534
13787	476
1380	37495
13801	452
13808	259
13829	33739
13850	59619
13864	8748
13871	4554
13885	12383
13899	15292
13913	13988
13920	62377
13927	14607
1394	8538
13941	11641
13976	8489
140	55
14004	44584
14011	9811
14018	1823
14032	12722
14046	195
14060	31024
14067	4836
1408	20634
14088	7110
14102	20278
14109	79
14116	21589
14123	6278
14130	1643
1415	516
14151	1802
14158	363
14172	459
14186	8567
14193	29423
14207	25309
14214	1778
14221	20227
14235	20556
14242	3377
14249	130
14277	9349
14284	128
1429	4531
14291	4105
14298	68694
14305	52182
14312	20695
14319	402
14326	13180
14368	37858
14375	3282
14403	39
14424	1508
14431	13570
14438	51
14466	634
14494	18909
1450	48718
14501	2551
14508	131
14536	1904
14550	115
14564	12355
1457	25789
14571	4439
14578	11651
14585	33887
14613	12572
14620	4331
14627	37456
14634	970
14641	667
14655	50
14662	1038
14669	68509
14683	1151
14690	13072
14697	5446
14704	5263
1471	23141
14711	48713
14725	199
14732	22794
14739	5461
14753	36406
14767	228
14774	6629
1478	163
14781	66077
14788	37380
14795	6118
14802	4582
14809	30039
14837	9346
1485	304
14858	39880
14893	17103
14900	52779
14907	3777
14914	22626
1492	4368
14921	8494
14935	5277
14942	2340
14949	74
14963	35596
14970	56649
14977	33270
1499	41996
14998	700
15005	10987
15012	274
15019	1212
15026	17984
15040	35547
15054	6507
1506	56839
15068	2408
15075	1864
15096	63764
15110	2866
15117	289
15124	2160
1513	37783
15131	15925
15145	6676
15152	13274
15159	641
15173	28879
15180	17571
15187	23263
15194	10030
15215	33372
15222	33279
15236	17113
15243	4390
15264	21810
15271	43011
15292	933
15299	67112
15306	13149
15320	9937
1534	35101
15341	22380
15348	4993
15376	315
15383	10024
15397	1047
154	1402
15404	7552
1541	673
15418	53671
15425	36838
15432	4073
15439	16375
15446	17039
15453	397
15460	10430
15467	1952
15474	5078
15481	220
15488	49142
15495	680
15502	64059
15509	5945
15523	59960
15530	83
15544	20484
1555	25897
15551	477
15558	12976
15565	4699
15572	485
15600	7347
15607	6967
15635	225
15656	24508
15670	15585
15677	125
15698	403
15712	727
15719	23232
15733	13955
15740	18615
15747	1218
15754	20970
1576	14928
15768	161
15782	14172
15789	5746
15796	6718
15803	1894
15810	73410
15817	4976
15824	4436
1583	305
15845	24623
15880	862
1590	547
15929	18883
15936	22825
1597	320
15985	12133
16006	126
16013	2242
16020	11947
16041	1468
16062	24573
16097	362
161	824
1611	3030
16132	8943
16139	104
16146	7628
16153	18620
16160	19957
16167	13002
16174	42395
16181	1754
16188	44265
16195	30726
16216	12396
16223	33231
16230	15153
16237	14090
16244	976
16251	8970
16258	30600
16265	25538
16272	2161
16286	65
16300	19687
16307	394
16314	23165
1632	83
16321	10029
16335	5298
16342	20772
16363	41173
16370	27412
16377	2252
16384	26324
1639	640
16391	21282
16398	37625
16405	12388
16412	14908
16426	217
16433	3615
16440	45960
16447	1402
16454	1885
1646	15910
16461	1841
16475	9017
16482	2862
16489	24718
16496	13965
16510	358
16517	9560
16524	44454
1653	8234
16531	28792
16545	23557
16559	5099
16580	44867
16587	1130
1660	3832
16601	236
16622	83
16636	1557
16643	233
16657	111
1667	1805
16678	38
16692	27431
16713	62
16720	11802
16734	14573
16741	32455
16776	49101
16783	13462
16797	23046
168	21707
1681	7066
16825	8622
16832	19570
16839	602
16867	585
1688	34904
16881	509
16895	494
16902	139
16909	4248
16930	989
16937	11884
16951	19418
16958	786
16965	11295
16972	22634
16979	5598
16986	5092
16993	20772
17000	1485
17007	43579
1702	294
17021	351
17028	2044
17035	13005
17042	12757
17049	26792
17084	260
1709	16611
17098	19646
17105	453
17126	41979
17140	36428
17147	1665
17154	91
1716	3973
17161	7953
17168	439
17175	6935
17203	15216
17217	2226
17224	90
1723	43202
17231	9715
17245	560
17280	21908
17294	68
1730	31193
17301	3887
17308	9445
17315	53391
17336	1577
17357	15098
17371	82
17378	55418
17385	104085
17399	26528
17413	1429
17420	6054
17427	1760
17434	167
1744	25100
17448	5349
17462	114
17476	9441
17483	10712
17490	26111
17497	2676
175	1148
17504	69
1751	12270
17525	46595
17532	40481
17539	185
17546	59
17553	1341
17574	4738
17581	1039
17588	22345
17602	25142
17609	193
17616	32
17623	587
17630	3672
17665	1759
17672	26530
17679	34281
17686	8188
17700	6306
17707	64
17714	168
1772	369
17721	44361
17742	516
17749	699
17756	60137
17784	35458
1779	234
17805	10844
17812	188
17826	5433
17840	4078
17847	4012
1786	10436
17861	104
17875	12325
17882	17879
17896	28232
17917	99858
17924	1842
1793	26434
17938	58
17966	34786
17973	6100
17994	18695
1800	108
18015	362
18022	126
18029	29079
18036	11691
18050	21621
18064	1751
1807	34
18071	21639
18078	7637
18085	22
18092	91
18099	4436
18106	16619
18113	136690
18120	16553
18134	25543
1814	13176
18155	20227
18162	15903
18169	1075
18176	16761
18183	396
18190	1615
18197	30648
182	1052
18204	9728
1821	931
18211	22359
18218	15648
18225	27979
18232	10136
18239	63774
18246	414
18260	15925
1828	7243
18281	3994
18288	11443
18316	63651
18330	5054
18337	859
18344	34426
18358	3001
18365	13041
18372	6907
18386	13536
18393	528
18407	28037
18414	466
1842	16093
18484	11064
1849	24123
18498	1231
18519	8026
18540	273
18547	626
18554	40241
1856	13
18575	8349
18582	209
18603	4141
18610	14936
18624	18279
1863	11236
18638	170
18645	50
18652	2692
18659	13783
18673	975
18680	7440
18694	23906
1870	2681
18701	20625
18708	181
18715	5980
18722	25694
18729	10558
18743	131
18750	3772
18764	38331
1877	54517
18771	40458
18778	3337
18792	48044
18799	2283
18806	713
18820	765
18827	48489
18834	2743
1884	15467
18848	17397
18855	12443
18862	9270
18876	25582
18883	13367
18897	12515
189	42
18904	10011
1891	50110
18911	53028
18925	24963
18932	32535
18939	7886
18953	1597
18960	10259
18967	46
1898	2266
18995	19438
19002	7442
19009	38125
19016	21402
19030	25723
19037	10912
19044	7188
1905	142529
19058	45018
19065	33650
19072	638
19079	40572
19086	1171
19100	8992
19107	32537
19114	4910
1912	57202
19121	20350
19128	62
19135	10657
19149	22627
19156	21215
19163	40064
19170	13302
19177	1193
19184	3129
1919	454
19198	465
19205	155
19212	43340
19226	823
19233	989
19240	1615
19247	4176
19254	14780
1926	17845
19268	14879
19275	6260
19282	20722
19317	5415
19324	13133
1933	7917
19331	2243
19338	819
19366	8328
19373	53
19380	5687
19394	1019
19408	472
19422	1048
19429	16096
19443	49798
1947	791
19471	25246
19478	116
19485	28712
19506	2654
19520	5016
19527	15703
19534	12210
1954	1584
19541	26997
19555	2377
19562	11485
19583	10018
19590	15631
19597	24589
196	439
19604	14616
1961	6443
19611	16600
19618	15755
19632	1083
19660	31646
1968	28828
19681	107
19688	5607
19695	2020
19702	222
19709	113
19716	14933
19723	442
19737	48
19744	53
1975	22281
19758	380
19765	5304
19779	510
19786	274
19814	250
1982	16194
19835	27566
19842	947
19856	43294
19870	852
19877	9293
19884	1147
1989	26883
19912	1869
19919	2831
19933	13235
19954	4855
19968	44
19975	62
19982	65
19989	5103
20003	11120
2003	33465
20045	281
20052	16
20087	216
20094	20535
2010	1064
20108	17178
20115	23074
20122	190
20143	34883
20157	23946
20164	35437
2017	17303
20185	50863
20213	31293
20220	17063
20227	48102
2024	159
20255	25
20297	2602
203	457
20304	4753
2031	42100
20318	12549
20325	5811
20346	19400
20360	7258
20367	56959
20374	54920
2038	40714
20381	23637
20395	1420
20423	52
20444	8655
20458	54
20465	1549
20479	8697
20493	580
20500	61
20514	4966
2052	1393
20528	8256
20542	3957
20556	49127
20577	16389
20584	50259
20612	26418
20619	161
20633	27942
20647	22959
20654	10595
2066	49
20661	4696
20668	50086
20682	1174
20689	5660
20696	11215
20703	93249
20710	128
20717	5216
20724	7549
2073	27824
20731	7903
20738	112
20745	854
20752	16497
20759	6665
20773	3057
20787	20423
20794	332
20801	3865
20829	66
20836	204
20850	3615
20864	806
2087	29500
20871	50102
20878	9391
20906	11697
20913	506
20920	20643
2094	10948
20948	55663
20969	1729
20976	7755
20983	5403
20990	32229
20997	5838
210	23251
2101	1382
21011	728
21032	1425
21046	1081
21060	1621
21067	2323
21074	10344
21088	241
21095	15067
21102	14463
21109	56679
21116	14017
21130	1711
21144	32432
21165	94
21172	6903
21179	6157
21193	48
21200	19270
21207	916
21214	23541
21221	1110
21228	30880
21235	30271
21249	23
21256	295
21270	22473
21284	44682
2129	50689
21291	22410
21305	813
21319	9084
21326	423
21333	3859
21347	18873
21354	14382
2136	74
21361	9047
21368	7191
21382	1832
21396	3671
21410	61092
21424	30
2143	15377
21431	6220
21445	38388
21452	4463
21459	19222
21466	361
21473	23488
21480	33180
2150	811
21501	8146
21522	19540
21550	15835
2157	2401
21578	13630
21585	16675
21606	30108
21613	189
21634	421
21648	87
21655	42857
21662	7731
21669	35009
21683	1295
21690	321
21697	6903
217	22129
21711	21305
21725	8289
21746	22792
21753	3718
21760	1675
21774	6008
2178	28
21802	12079
21809	21380
21816	20590
2185	22210
21851	103
21872	30165
21886	978
21893	11080
21907	22031
21914	927
2192	33616
21921	25012
21928	16051
21935	592
21942	6249
21949	12570
21970	13271
21984	27152
21991	761
21998	25638
22005	8675
22019	35
22026	7200
22040	1483
22054	14617
22061	51
22068	22
22110	477
22124	192
2213	924
22145	1343
22173	85
22194	387
2220	6227
22201	1488
22208	243
22222	552
22236	23418
22243	96
22264	22209
2227	38898
22278	41863
22285	22269
22292	5763
22306	15
22313	42420
22320	55565
2234	9731
22341	3882
22348	60
22355	13644
224	61840
2241	133
22425	14330
22432	292
22439	472
22460	537
22467	29591
2248	17101
22488	263
22495	5578
22509	21750
22523	2606
22530	2160
22537	18917
22544	64897
2255	19575
22551	2189
22558	2027
22565	18621
22586	261
22593	12270
22600	9478
22614	12513
2262	6196
22621	11567
22628	28508
22635	10778
22663	14685
22670	26739
2269	8057
22691	4739
22698	22502
22733	26615
22740	8562
22754	17373
22768	3083
22782	346
22789	7807
22796	10958
22810	40
22817	3526
22824	12750
2283	29986
22831	30447
22852	207
22859	13513
22894	10373
2290	145
22901	15030
22936	313
22978	38186
22985	528
22992	52470
22999	71462
23	54494
23006	8063
23020	3432
23027	942
23034	61
2304	7786
23041	32153
23048	1745
23055	38465
23062	11763
23069	94
23097	2989
231	74
23104	2915
2311	64866
23118	611
23139	1478
23146	12941
23153	24658
23167	42374
23174	176
2318	51
23181	216
23188	8061
23223	62
2325	16410
23258	27507
23265	31689
23300	2179
2332	174
23356	34818
23363	9382
23370	12108
23377	248
23384	5839
2339	9821
23391	33124
23398	42344
23412	97
23419	27755
23433	9891
2346	2644
23482	20190
23489	33973
23496	5015
23503	2603
23510	1115
2353	39751
23545	859
23559	2574
23566	57786
23573	497
23587	21791
23594	11116
2360	175
23608	44
23622	39448
23636	11284
23643	34
23650	222
23657	48
23678	2382
23692	26772
23699	160
23706	44835
23720	8287
23727	18198
23734	1062
2374	21186
23741	175
23748	337
23762	14552
23769	1234
238	95
23804	1046
2381	15921
23811	11231
23818	282
23839	15408
23846	7212
23860	2421
23867	216
23874	239
2388	12282
23881	79
23902	588
23937	23308
23979	1311
23993	101
24000	8315
24014	10038
2402	35682
24021	261
24042	1305
24049	102
24063	58
24077	972
24084	26733
2409	9766
24105	434
24112	64
24126	56
24140	33333
24154	298
2416	8357
24175	27374
24196	1057
24217	12161
24224	21628
24231	10079
24245	73
24252	4959
24259	30443
24266	937
24273	5505
24287	327
2430	53451
24308	59826
24315	6280
24322	17649
24336	679
24343	18137
24350	3734
24357	8955
24364	203
24399	14
24413	114
24420	75
24427	40279
24441	124
24455	10126
24462	18419
24476	7079
24483	6966
24490	14623
245	15037
2451	36784
24532	8390
24539	938
24553	9616
24560	26438
24567	2983
24574	5381
2458	23372
24616	8433
24637	383
2465	11850
24651	251
24672	56408
24679	29092
24686	68
24714	14624
24721	29766
24735	2563
24763	25673
24770	24763
24784	378
2479	646
24805	447
24812	22290
24819	19024
24826	564
24833	691
24854	10664
2486	15458
24868	11842
24889	213
24896	90
24903	22115
24924	16817
2493	12555
24931	10078
24952	97
24959	8539
25008	240
25015	11381
25022	1104
2507	125711
25078	2378
25085	22431
25092	5901
25099	1321
25120	128
2514	294
25162	45
25169	32
25183	8915
25190	354
25197	14307
2521	103398
25211	815
25225	38794
25232	5450
25239	11863
25246	6268
25260	1464
25267	11164
25274	4060
2528	22011
25288	80646
25295	1488
25316	2133
25323	17624
25330	13445
25337	440
25358	33829
25365	11537
25372	21752
25386	3644
25400	238
25407	72
25414	1101
2542	1998
25421	8614
25428	144
25435	494
25442	75
25463	47632
25470	2707
25477	36043
25498	22226
25512	62276
25519	37823
25547	5534
2556	33423
25561	8613
25575	4240
25589	3545
25603	19893
25624	14032
2563	49567
25631	1941
25645	314
25659	1632
25673	23446
25680	6486
25687	25122
25694	6778
25701	17515
25708	10883
25715	733
25722	55
25729	5499
25750	35101
25757	4707
25778	32207
25785	255
25799	28604
25813	10822
25827	60917
25834	515
2584	6926
25841	18151
25848	14832
25855	6755
25862	8180
25869	74
25876	11372
259	2985
2591	86268
2598	271
2605	9372
2612	1432
2619	11659
2626	8374
2633	140
2640	27673
2654	4210
266	10727
2661	53645
2668	33312
2675	24804
2682	3759
2689	38649
2696	82
2703	4409
2710	878
2724	34194
2731	15952
2738	9157
2745	32832
2752	43394
2766	21537
2773	1971
2780	3434
2787	26905
280	118682
2801	253
2808	3705
2815	19402
2822	25967
2829	2136
2836	3076
2843	459
2850	21769
2857	5737
287	61182
2885	37084
2892	2161
2899	20378
2913	47716
2920	3850
2927	13549
2934	477
294	2875
2941	1088
2948	43658
2955	3164
2962	373
2976	4595
2983	47445
2990	1997
2997	331
301	23833
3011	1055
3018	17345
3025	64965
3032	9812
3046	24716
3053	18799
3067	116
3074	4076
3081	26
3095	29234
3102	36
3109	319
3116	46884
3123	9425
3130	652
3137	22
3144	11428
315	25926
3151	145
3158	18707
3186	1817
3193	32864
3207	876
3214	15452
322	45
3221	40
3235	387
3242	11784
3249	2056
3256	22339
3263	1947
3277	98
3291	56479
3298	19330
3312	63
3319	9909
3326	195
3333	63969
3340	166445
3347	792
336	16012
3361	28832
3368	33849
3375	167
3389	62
3396	7353
3410	66841
3417	51049
343	6985
3445	6749
3452	136
3459	53
3466	4984
3480	59221
3487	7378
3494	5459
3508	5853
3522	43683
3529	4520
3536	81009
3543	38286
3557	1564
3564	303
357	8774
3571	650
3578	34837
3585	8844
3592	20772
3613	25
3620	1964
3627	2889
3634	16771
3648	70
3662	10636
3669	34434
3683	4333
3690	52844
3704	11913
371	8139
3711	34
3718	284
3725	714
3732	1868
3746	52137
3760	74423
3774	1532
3809	10655
3816	9102
3830	331
3837	7898
385	2677
3851	8517
3858	51305
3865	28942
3879	5629
3886	44517
3907	19711
3914	10128
392	1851
3921	39763
3928	30422
3942	18818
3949	20226
3956	13772
3963	9965
3970	24613
3977	32
3984	1304
399	10696
3991	5515
4005	8334
4012	9057
4019	20086
4026	3637
4033	16599
4047	9511
4054	23150
4068	2059
4082	97532
4089	6217
4096	733
4103	12645
4110	43336
4117	65
4131	3251
4138	8730
4145	28209
4152	82291
4166	4123
4173	63
4180	107
4187	116
4194	2244
420	11205
4208	3335
4215	3679
4229	52330
4236	19338
4271	81907
4292	36504
4299	112691
4313	551
4320	9911
4327	36421
434	7436
4348	67730
4355	16789
4362	3120
4369	9109
4383	12745
4397	49547
44	13420
441	2761
4411	357
4418	675
4425	16533
4432	486
4439	118
4446	10908
4453	27985
4460	59
4467	40609
4474	41454
448	51
4488	61
4495	10005
4509	5641
4523	51
4537	25972
455	9084
4551	15701
4558	19
4572	7443
4579	67009
4593	60347
4600	21739
4614	916
462	725
4621	52833
4628	1768
4635	47167
4642	2069
4649	33160
4663	24799
4670	7138
4684	82
4698	15825
4712	39858
4719	56
4733	16983
4740	3825
4747	8930
4754	79677
4768	6344
4775	194
4782	11109
4789	23996
4796	9884
4803	160
4810	43919
4817	21345
4824	51134
483	32110
4831	182
4838	15510
4845	77003
4852	44562
4859	23496
4866	21191
4873	2281
4887	24459
490	5858
4908	66141
4915	46971
4922	3684
4929	72943
4943	26020
497	3924
4978	1588
4992	11992
4999	718
5	2238
5006	16887
5013	60
5020	29579
5027	35705
5034	12589
504	537
5041	65419
5048	1901
5055	16099
5069	34098
5076	4882
5083	12531
5090	114
5097	1063
51	5914
5104	19239
511	95
5111	13423
5118	3755
5125	95
5132	40094
5139	3204
5146	365
5153	745
5160	199
5167	2258
5174	29267
518	56
5181	9685
5188	10262
5202	40778
5223	16724
5230	414
5237	10974
5244	17189
525	75198
5279	2203
5286	23
5300	203
5307	31571
5314	81138
532	15493
5321	6113
5335	592
5342	102
5356	12040
5363	21451
5370	5570
5384	16006
539	30726
5391	50232
5398	16240
5405	80
5426	48588
5433	2098
5440	16501
5447	69721
5454	17193
546	120889
5461	2550
5468	22539
5496	87
5503	573
5510	1346
5517	49691
5524	25184
553	259
5531	21728
5545	79
5552	348
5559	19686
5573	11799
5587	10227
5594	294
5601	30821
5608	1994
5615	11313
5622	1251
5629	9160
5636	1638
5657	21305
5664	12287
567	7038
5671	36001
5685	10078
5692	15058
5699	34
5706	56295
5713	8669
5720	8746
5727	16651
574	299
5741	89
5748	4229
5755	25441
5769	677
5776	3717
5783	26452
5790	75691
5797	79132
58	5009
5804	313
581	6785
5818	3096
5832	41
5839	7387
5846	22213
5853	38631
5860	310
5867	31469
5874	13101
588	35169
5881	108
5888	8204
5895	11281
5902	29671
5909	10464
5916	7555
5930	61134
5937	68
5944	6305
595	665
5965	9695
5979	107
5986	21941
5993	10134
6000	67
6007	15463
6014	33524
602	531
6028	348
6035	2383
6042	6687
6063	27023
6070	37925
609	17769
6112	6924
6119	3610
6126	86252
6133	125
6147	4687
6154	730
616	56858
6161	38674
6168	50587
6182	9452
6189	30318
6196	25622
6203	9087
6217	57221
6224	7469
623	68120
6231	29378
6245	2454
6252	29764
6259	7775
6266	1356
6280	9006
6287	9232
630	45822
6301	5702
6308	22124
6329	69437
6336	18071
6350	509
6357	23133
6364	1701
6371	31809
6392	38044
6399	2803
6406	5771
6413	5808
6420	19673
6427	10024
6441	197
6448	34216
6469	31628
6476	9329
6497	4318
65	10089
6504	6633
651	147162
6511	17445
6518	20937
6525	19305
6532	18303
6539	17241
6546	15981
6553	29578
6560	1292
6574	5201
6588	8108
6602	2524
6609	28779
6616	13482
6623	404
6637	46416
6644	620
6651	3341
6665	22973
6672	35256
6679	20683
6686	135
6693	211
6700	31343
6707	10190
672	14423
6728	4445
6735	27021
6742	691
6749	19349
6756	140
6763	14639
6770	10308
6784	4382
679	2400
6791	1237
6798	83
6812	31468
6819	104049
6826	522
6840	8752
6854	1725
686	661
6861	204
6868	18117
6875	584
6882	53911
6896	19334
6903	1231
6917	34729
693	2991
6938	1563
6945	480
6952	64624
6959	257
6980	276
6987	53248
700	36821
7001	1392
7008	9832
7015	20617
7022	21946
7029	86178
7036	40201
7050	106206
7057	32013
7064	120
7085	65
7092	3054
7099	16473
7113	4099
7120	54655
7127	25467
7134	25956
714	19683
7141	41522
7148	21639
7155	95
7169	14830
7176	12138
7183	1957
7190	226
7197	4078
7204	36215
721	16529
7211	3751
7218	22149
7225	49249
7232	1263
7239	8920
7260	21013
7267	11145
728	30703
7281	30430
7288	4816
7302	15243
7309	13396
7316	22719
7330	5999
7344	173377
735	14182
7351	3201
7358	66999
7365	1182
7372	28036
7379	3313
7386	208
7393	31895
7400	3100
7407	7150
7414	25486
742	80440
7428	5559
7435	38326
7456	12358
7470	506
7477	77068
7484	13505
749	514
7491	9112
7505	15937
7512	315
7519	38913
7526	892
7533	68420
7554	88920
756	22077
7568	120
7575	6522
7589	17569
7596	4003
7603	4790
7610	259
7617	12343
7624	51
763	41232
7638	482
7652	20809
7659	55866
7666	22
7673	25393
7680	24822
7694	2757
7708	4890
7715	30557
7722	7631
7729	5033
7736	578
7750	46011
777	74015
7771	8492
7778	67233
7785	1905
7792	812
7799	31624
7813	31689
7820	8322
7827	5325
784	954
7855	278
7869	26594
7876	6225
7883	6758
7890	5485
79	25043
7904	10516
791	3362
7911	4413
7925	53460
7939	87
7946	33009
7960	12598
7967	38511
7995	15320
8002	4802
8016	13387
8023	24730
8030	27990
8037	83526
8044	66
805	3548
8065	1542
8072	5777
8086	2774
8100	234
8107	65343
8114	11129
812	4556
8121	46502
8142	181
8149	71
8156	5865
8163	2337
8170	18635
819	48191
8191	88075
8198	469
8205	616
8212	310
8233	9569
8254	223
826	18599
8275	398
8282	39
8289	9808
8303	263
8310	20762
8317	16394
8324	24705
8331	24222
8345	18196
8352	1094
8359	8034
8366	11100
8373	485
8380	2689
8387	31907
8394	12053
840	123682
8401	4546
8408	35468
8422	7295
8436	107
8443	42
8450	2571
8457	24603
8464	226
847	30272
8478	16338
8485	38838
8492	51451
8499	16884
8513	42325
8520	33798
8527	2651
8534	53331
854	4130
8541	23169
8548	11017
8555	381
8562	1137
8583	18669
8590	163
8597	18625
8604	1127
861	9937
8625	18326
8632	6266
8653	6779
8660	12723
8667	19
8674	24579
868	15923
8681	16091
8695	24046
8702	58811
8709	1030
8716	149
8730	3721
8737	138
8744	6414
875	18076
8751	12835
8772	203
882	62
8821	13465
8835	407
8849	920
8856	368
8863	10585
8870	14856
8877	1617
8884	18890
889	2117
8891	19646
8905	15242
8912	745
8919	17210
8926	5538
8933	29411
8940	2983
8947	10985
8954	107
896	12361
8961	23078
8975	24386
8982	31152
8989	7122
8996	6600
9003	16794
9010	2050
9017	18877
9024	22646
903	11780
9031	2391
9038	27827
9045	67
9066	9470
9073	19502
9080	9886
9087	2126
9094	5286
910	50
9108	68589
9115	60091
9122	126
9143	8929
9150	21507
917	1223
9171	8777
9178	19179
9185	40187
9199	77910
9206	4800
9227	251
9234	1282
9248	6178
9262	4502
9276	30890
9283	10974
9290	914
9297	1091
93	3562
9304	47060
931	21093
9311	6194
9325	15898
9332	22355
9339	12752
9346	16856
9353	23239
9360	16967
9367	5457
9374	24604
9388	39
9395	1504
9402	29546
9416	5654
9423	26286
9437	22895
9451	1170
9458	805
9465	260
9472	4398
9479	5073
9500	16040
9507	59
9514	33110
952	10588
9528	27342
9535	8500
9549	8325
9556	11664
9570	12438
9577	603
9584	1096
959	771
9598	5191
9612	4310
9619	52840
9626	290
9640	369
9647	35982
9654	7536
966	93125
9661	14908
9668	30915
9675	14581
9689	8220
9696	17716
9703	20519
9717	4600
973	19673
9752	19974
9759	15314
9766	2882
9780	301
9787	13273
980	48236
9801	24192
9808	26304
9822	87071
9829	72962
9836	29146
9857	13324
9864	43534
987	457
9871	85328
9878	41
9892	998
9899	24322
9920	189
9927	9670
9934	2009
994	27946
9941	17420
9948	61540
9955	28476
9962	2643
9969	12146
9976	24399
9983	57611
9990	56713
