1000	15899
10005	42243
10026	4052
10033	10557
10040	1084
10047	24263
10054	160
10061	121
10075	14954
10082	11384
10089	3687
10096	63485
10103	71918
10110	15228
10117	6303
10124	11949
10138	2424
1014	40560
10152	71868
10159	164
10173	5314
10180	28775
10187	18166
10194	85024
1021	292
10215	14322
10222	22574
10229	8204
10236	34469
10243	21015
10250	247
10257	2142
10264	23162
10278	1253
1028	4385
10285	5275
10292	295
103	15198
10306	8088
10313	18589
10320	643
10327	24889
10334	43
10341	88
10348	2839
10355	12347
10362	15323
10376	387
10397	22227
10404	12469
10418	8764
1042	615
10425	759
10439	40601
10460	1289
10474	12597
10481	33428
10488	2063
1049	34393
10495	49486
10502	41891
10509	12847
10523	3194
10530	2410
10551	32
1056	25596
10565	10651
10572	768
10579	18111
10586	37136
10600	53253
10621	30173
10628	38713
1063	1940
10635	11912
10649	3790
10663	142346
10691	38808
10698	16153
1070	1356
10719	13783
10733	14703
10754	19528
10761	9069
1077	43480
10782	38
10789	166
10796	83336
10803	5628
10810	189
10817	16275
10824	4447
10831	63764
1084	399
10845	44801
10852	1547
10859	44853
10866	1948
10873	62
10887	10878
10894	18083
10901	3679
1091	32986
10915	298
10936	59039
10950	2206
10964	9730
10971	20398
10978	346
1098	1780
10985	46145
10992	38221
10999	1061
110	4780
11013	11210
11020	2050
11027	33808
11034	2946
11048	835
1105	11006
11062	55601
11069	93
11076	182
11083	56615
11090	49460
11104	57390
11111	20337
11118	438
1112	3143
11132	20164
11139	36
11146	11191
11153	78
11174	58
11181	1338
1119	2447
11202	9898
11209	1563
11216	44353
11244	29524
11251	6170
11258	371
11265	12956
11272	21027
11293	3495
11300	448
11314	37362
11321	6612
11328	3225
1133	4044
11342	23807
11356	20346
11363	8502
11370	29467
11384	3082
11391	984
1140	5492
11405	10432
11412	52366
11426	393
11433	25154
11440	42036
11454	47449
11461	8837
11468	23925
11475	23
11524	60480
11531	15087
11538	32
1154	12063
11545	67202
11552	10047
11559	13384
11566	35242
11587	1859
11608	30813
1161	33958
11615	2437
11629	8427
11636	9415
11643	2272
11664	11878
11671	2924
11678	9172
1168	84748
11685	84
117	1978
11706	6083
11713	452
11720	1403
11727	9700
11734	930
11741	25600
11748	13955
1175	72
11762	52242
11776	17853
11783	48502
11790	3392
11797	49
11811	372
11818	35382
1182	633
11825	1235
11839	18328
11846	6829
11860	39517
11867	21869
11874	1752
11888	2273
1189	454
11902	336
11916	19242
11923	33569
11937	11
11944	44367
11951	31779
11958	9802
11965	7550
11979	308
11993	54441
12000	77
12014	10806
12021	24188
1203	810
12056	37802
12070	26335
12077	3388
12091	34741
12098	19416
1210	617
12105	18178
12112	20837
12119	86802
12126	19073
12140	18486
12147	6042
12154	11734
12161	13878
12168	32936
12175	46648
12182	8862
12189	2091
12196	51167
12210	9104
12217	55476
12224	15677
12231	1090
12238	26172
1224	85
12245	37367
12252	156
12259	1430
12273	22104
12280	8349
12287	504
12294	21631
12308	1550
1231	50044
12315	5916
12322	745
12336	66323
12343	9124
12350	47013
12357	12322
12364	7182
12378	322
1238	2068
12385	6098
12399	3979
124	2560
12406	57990
12413	6130
12427	36594
12448	12985
1245	111
12455	10680
12462	1612
12469	2796
12476	47
12490	14791
1252	7931
12525	26
12532	21088
12539	1538
12553	228
12567	13390
12581	1779
1259	2269
12616	23677
12630	5725
12644	23147
12651	9433
1266	16996
12665	11111
12679	33
12686	7515
12693	1055
12700	16812
12707	19806
12714	37754
12721	29455
12728	756
1273	1176
12749	121
12756	36775
12770	36
12777	585
12819	13715
12826	15656
12833	218
12847	219
12854	17313
12861	38
1287	6930
12875	20803
12896	2962
12917	26693
12924	46649
12931	602
12938	65185
1294	13302
12945	134
12959	106
12966	2058
12973	583
12987	48784
12994	79
13008	15060
1301	33611
13022	2321
13036	899
13050	29976
13057	24840
13064	68984
13071	2206
13078	19447
13085	1884
13099	17449
131	32842
13134	63
13141	11545
1315	4416
13190	2466
13197	18770
13204	19513
13211	104
13218	3114
1322	34206
13225	30980
13246	699
13260	1569
13274	68365
13281	2750
1329	658
13295	5086
13302	15002
13309	10815
13323	51169
13330	39
13337	3662
13344	17628
13351	9015
13358	10657
1336	14651
13372	178
13379	19072
13400	30492
13407	207
13414	733
13421	20471
13435	1770
13442	17717
13449	4832
13477	4927
13484	7400
13491	11207
13498	27617
1350	8517
13505	3429
13512	75805
13519	5039
13526	43226
13540	2093
13547	18916
13561	32371
13568	2023
1357	2650
13575	10989
13596	959
13603	3224
13610	9927
13631	616
13638	35975
1364	39295
13645	916
13652	19621
13673	37338
13680	720
13694	17360
13701	337
1371	24856
13715	9975
13729	1054
13750	331
13757	6990
13771	14484
13778	40314
1378	7901
13785	21278
13792	1124
13799	365
138	603
13806	83004
13813	977
13820	10665
13827	565
13848	5340
1385	50354
13855	51460
13869	21923
13876	5550
13890	114
13897	42498
13904	2114
1392	2939
13925	6721
13932	25726
13939	4551
13946	1776
13967	274
13981	20220
1399	3386
13995	8417
14	17993
14002	11424
14009	26057
14016	393
14023	11132
14030	1244
14037	6232
14051	32590
1406	208
14065	57
14086	330
14093	10192
14107	9734
14121	2371
14128	4327
1413	17982
14149	29
14163	2300
14170	796
14177	571
14184	44
14191	4168
14198	2920
1420	29024
14219	27
14226	9532
14233	114
14240	16955
14254	13818
14261	28217
1427	11846
14275	333
14296	9486
14310	6600
14324	22295
14331	38137
1434	31296
14345	6354
14352	1339
14359	410
14366	18181
14387	25671
14394	16076
1441	45689
14422	47575
14429	58044
14443	1931
14450	52550
14457	230
14471	10319
1448	46624
14485	20944
14499	21629
14506	320
14513	22241
14520	55269
14527	4230
14534	375
1455	75744
14562	23044
14576	36373
14583	24667
14611	33534
14618	15635
1462	35831
14625	1018
14632	535
14639	130
14653	3710
14660	84
14667	186
14674	427
14681	26993
14688	4225
1469	103034
14695	62502
14709	4898
14716	412
14723	12236
14730	108
14737	2653
14744	9292
14751	26400
14758	786
1476	42300
14772	11555
14779	5016
14793	53013
14807	6300
14814	15488
14828	14570
1483	128
14835	561
14842	17285
14849	3444
14856	2606
14863	1281
14870	3440
14891	602
14898	76
1490	54554
14905	1942
14912	25596
14926	27820
14933	45855
14954	4660
14961	12025
14968	13126
1497	8129
14975	47664
14982	1638
14989	1528
15003	492
15010	16887
15031	52711
15038	252
15045	1619
15052	16821
15066	97
15073	8936
15080	36047
15094	22032
15108	4765
15115	41804
15122	16920
15129	32
15143	16208
15150	145
15157	1040
15164	20181
15171	16738
15178	72
1518	10895
15192	28524
15199	19668
152	17299
15206	691
15220	17615
15227	14306
15234	18570
15241	106
15248	628
1525	23371
15262	281
15269	17239
15276	12266
15283	7153
15297	1667
15311	6478
15325	192
15332	35741
15339	622
15346	15053
15353	1436
15360	8128
15367	306
15374	3662
15381	50
15388	75
1539	22947
15395	6336
15409	11020
15423	11876
15444	12044
15451	1902
15458	3745
15465	1566
15479	11791
15486	412
15493	1765
15500	1084
15521	4135
15528	247
1553	276
15535	596
15542	14034
15549	21744
15556	206
15570	2425
15577	66696
15591	8297
1560	15735
15605	10718
15612	159
15626	69032
15633	290
15640	2345
15647	2629
15654	5524
15661	12084
15668	891
1567	12068
15675	20
15682	56368
15696	292
15703	552
15710	22128
15731	27935
15745	164
15759	68
15780	119
15787	16717
15794	457
15801	267
1581	25865
15815	10300
15822	66892
15836	34125
15843	4302
15850	801
15857	37
15864	21371
15878	4957
15885	4283
15892	11263
15899	38576
159	3445
15906	3800
15913	173
15927	1790
15934	4037
15941	1588
15948	540
1595	12053
15955	25220
15962	32472
15969	37079
15983	168
16004	2493
1602	51269
16025	2424
16039	1133
16046	11394
16053	19342
16060	27345
16067	7525
16081	28166
16088	25464
1609	23434
16116	35171
16130	220
16137	66220
16144	367
16151	30890
16158	208
1616	4252
16172	1037
16179	16938
16186	3312
16200	894
16207	341
16221	24406
16235	39821
16242	98
16256	39799
16263	671
16270	7204
16277	7972
16284	45683
16291	2674
16298	11476
1630	14168
16305	2286
16312	36108
16326	29969
16354	47
16361	3430
16368	20566
1637	20495
16396	26288
16403	993
16410	40845
16417	5622
1644	31495
16445	9765
16494	1471
16501	3203
1651	4786
16522	24837
16529	37665
16543	23399
16564	24934
16578	53
1658	59940
16585	34761
16592	180
166	25041
16613	39360
16620	38460
16634	4428
1665	11492
16662	383
16676	12238
16690	29661
16704	24394
16711	304
16718	2302
1672	671
16725	160
16732	241
16739	19310
16746	9117
16760	1255
16767	322
16781	13686
1679	48
16795	27
16802	62314
16816	107
16823	508
16830	4586
16844	1187
16851	26913
1686	2306
16872	4403
16879	1502
16886	9707
16893	7595
16900	14076
16914	485
16921	10277
16928	903
1693	31865
16935	77315
16949	175
16956	6251
16963	14412
16991	7938
16998	308
1700	845
17005	73839
17012	96
17019	9712
17040	4942
17047	24293
17061	134
17068	187
1707	7158
17075	320
17103	46
17117	7912
17124	4010
17131	2110
1714	23646
17145	21325
17152	354
17159	21343
17166	17496
17173	24646
17187	17507
17208	1420
1721	35010
17222	45
17229	4559
17243	4512
17264	21335
17278	29518
1728	49160
17285	20812
17292	1009
17299	3647
173	250
17313	53271
17341	7908
17348	20208
1735	22633
17362	94
17397	51065
17418	37523
1742	65435
17432	2820
17439	885
17446	13749
17453	6909
17474	55487
17481	63
1749	7297
17502	1336
17509	751
17516	11978
17530	22073
17537	33649
17544	24395
17558	1294
17565	8395
17579	15717
17586	5345
17593	265
17600	48231
17607	10020
17614	3351
17621	11108
17628	40437
1763	14625
17635	9566
17642	9617
17656	981
17677	37384
17691	466
17698	3503
1770	206
17705	408
17712	2868
17740	10827
17747	31431
17754	95
17761	50
17768	117
1777	8004
17775	11988
17782	6574
17789	5746
17796	380
17810	17485
17817	450
17824	52351
17838	338
1784	50292
17852	434
17859	5667
17873	239
17887	681
1791	2553
17922	10770
17950	156
17957	40595
17964	10163
17971	18286
1798	31109
17992	3624
17999	7073
18013	6234
18027	18824
18055	1086
18062	26189
18069	24537
18097	14721
18104	19043
1812	12214
18132	38854
18139	78
18146	2252
18153	3601
18167	1290
18174	38130
18181	3058
18188	53850
1819	25158
18195	12048
18209	67200
18223	15283
18230	16511
18244	54916
18258	73210
18279	5043
18300	156
18307	232
18321	11829
18328	8524
1833	117893
18342	24606
18363	306
18370	29711
18377	11375
18384	312
1840	236
18405	49989
18412	15995
18419	4055
18440	67
18468	21858
1847	30161
18475	12901
18482	459
18489	10712
18496	9017
18510	27932
18524	222
18531	361
18538	13316
18552	24744
18559	17417
18587	467
18594	44059
1861	882
18622	117
18629	17873
18643	1662
18650	890
18657	373
18678	15090
1868	974
18685	1436
18692	55
18699	382
187	68089
18713	44850
18727	518
18734	434
18741	4049
18748	1847
1875	12528
18755	178
18762	29625
18776	13800
18783	44949
18790	14878
18797	41298
18811	213
1882	45739
18825	171
18846	15929
18874	13770
18888	1382
1889	60657
18916	60787
18937	64
18951	30283
18958	32667
1896	9665
18979	683
18993	2278
19014	106
19021	9449
1903	19131
19035	2647
19063	380
19077	34428
19084	5739
19091	2232
19112	37378
19126	12808
19133	16109
19147	229
19154	35
19168	137
1917	4584
19175	14046
19196	55885
19224	88
19231	4174
19266	20398
19280	33
19287	1398
19308	911
1931	157
19315	1602
19336	32418
19350	6051
19364	11787
19371	4188
19378	3706
1938	4590
19392	36
194	3247
19406	652
19420	7434
19427	15086
19434	111
1945	12420
19455	3319
19462	98
19469	1683
19490	4405
19518	31
1952	1069
19525	42
19539	10032
19546	10243
19553	2871
19567	36551
19574	5329
1959	31172
19595	6096
19602	52358
19609	12371
19616	59024
19637	140
19644	486
1966	42058
19665	12641
19672	74681
19693	25695
19700	3681
19707	21626
19714	6151
19728	26115
19742	6789
19749	3793
19763	44206
19770	118
19791	344
19798	28095
19812	2750
19819	20483
19826	12601
19833	21
19840	615
1987	30610
19896	39402
19903	6709
19910	16739
19924	545
19931	19878
19938	4900
19952	34245
19959	14163
19973	159
19980	10544
19994	43514
20001	40712
20015	11542
20036	104
20057	1915
2008	69
20085	17972
20099	13001
20106	163
20113	1112
20120	16416
20127	308
20134	86612
20141	4751
20148	108
2015	5826
20155	34530
20169	8285
20176	12238
20183	24065
20190	9499
20197	35673
2022	64861
20225	213
20232	2137
20239	31668
20246	6508
20274	2103
20288	237
2029	9306
20295	1899
20323	13588
20344	4751
20351	7363
2036	544
20365	116
20379	14401
20386	1206
20393	10688
20400	11944
20407	1203
20414	136899
20421	1930
20435	14280
20449	17761
20456	31675
20477	3940
20484	2195
20498	18381
20512	545
20519	18329
20526	2358
20547	28232
20554	3237
20561	116
20568	34414
2057	273
20575	14473
20589	27027
20596	1844
20603	3138
20617	35039
20631	57
2064	508
20652	6782
20666	2343
20673	10514
20680	3756
20687	386
20694	222
20715	3640
20722	42
20729	747
20736	56
20743	423
20750	113562
20764	2124
2078	48019
20785	4065
20792	7454
208	46
20806	17866
20813	2419
20820	505
20848	47409
2085	45
20855	1177
20862	15363
20869	28819
20876	10690
20890	2807
20911	15496
2092	2573
20925	69
20932	2802
20939	13361
20960	14850
20981	16505
20988	2011
2099	9076
21	31681
21002	6879
21023	11751
21030	47943
21044	15327
21058	28061
2106	313
21079	20081
21100	297
21107	1565
21114	4946
21128	2257
2113	19925
21163	2692
21177	25804
21184	24786
21191	293
2120	1356
21205	30219
21219	147
21226	1156
21233	30415
21240	17975
21247	2646
2127	34043
21289	16442
21303	28113
21310	9771
21324	48873
21338	10917
2134	2785
21345	201
21352	385
21373	24497
21380	24536
21387	28857
2141	31755
21415	5474
21429	32
21485	34823
21492	1181
21499	804
21506	119
21513	9806
21520	400
21527	19965
21534	8728
21541	2174
2155	1092
21562	3522
21576	14069
21583	22487
21597	23964
21604	368
21611	1937
21653	109
21660	974
21667	23896
21674	1238
21681	853
21688	15010
2169	3885
21702	576
21716	4014
21723	859
21730	135
21737	42917
21751	371
21758	154
2176	7548
21772	84323
21814	203
21821	2483
21828	8256
2183	44660
21849	467
21863	14867
21870	16391
21877	13617
21884	17258
21891	105
21898	32470
2190	24781
21905	8269
21912	6874
21926	57
21933	20630
21940	7306
21954	17
21961	69767
21968	48
21975	2746
21982	6949
21989	114
21996	1014
22003	23288
22024	4365
22031	3373
2204	51763
22066	31100
22101	547
22108	10281
2211	70415
22115	31384
22122	99
22178	15286
2218	25901
222	165877
22227	7850
22234	8440
2225	4923
22255	23691
22262	102243
22269	31488
22290	470
22297	7059
22311	37116
22318	9011
2232	551
22339	8968
22346	16513
22353	20696
22360	13453
22374	2376
22381	535
22395	18619
22409	16322
22423	2673
22437	104026
22451	4097
22458	9658
22465	49772
22493	113
22514	18101
22528	236
22535	15610
22542	5253
22549	100
22556	13017
22563	73436
22570	37969
22577	31133
22584	7592
22626	953
22633	204
22647	1993
22654	3436
22668	396
2267	3567
22675	457
22682	23539
22696	1352
22703	31548
22710	1679
22724	682
22731	402
22738	3314
22745	275
22752	27348
22766	40193
22787	16378
22808	465
2281	19976
22815	3137
22836	12726
22850	387
22864	1231
22871	2028
2288	17556
22885	5081
22892	1746
22899	15815
229	9347
22906	2262
22948	8232
2295	542
22955	12191
22962	9572
22969	45945
22997	24387
23004	33608
23011	11643
23018	60
2302	13811
23039	451
23046	15716
23060	4097
23074	818
23102	75879
23116	525
23130	7742
23137	98
23151	27818
23158	539
2316	7221
23179	4763
23193	1518
23200	2076
23207	5611
23221	1347
23228	2982
2323	20972
23249	4726
23256	16219
23277	3008
23284	1276
2330	21392
23340	27162
23361	20940
2337	2734
23382	24472
23396	2473
23417	298
23424	83201
23438	7323
2344	28753
23445	8339
23452	15211
23466	349
23487	18063
23508	6813
2351	11723
23522	3827
23529	42
23543	5392
23550	29279
23557	1596
23564	25590
23599	24872
236	21269
23606	52703
23641	5021
2365	371
23662	19786
23683	4186
23690	4427
23697	29395
23704	5711
23711	30
2372	3741
23732	840
23739	7849
23746	19900
23753	388
23774	703
23781	26804
23809	508
23816	2870
23830	19950
23837	2052
23851	5754
23858	64116
23879	1613
23900	223
23907	430
23921	1965
2393	152
23935	24645
23991	7107
23998	16446
2400	204
24005	26378
24019	113
24040	122
2407	10178
24103	216
24110	2563
24117	813
2414	639
24145	18211
24159	2084
24187	420
24194	1002
24208	7442
2421	14121
24215	10409
24222	5171
24229	96
24250	21915
24257	825
24264	13990
24278	69
2428	7578
24285	242
24292	11328
243	28774
24306	26850
24313	100
24327	10582
2435	209
24355	26165
24369	8180
24376	24299
24390	1256
24404	21159
24411	12156
2442	5897
24425	1598
24439	9202
24460	1250
24474	80
24481	1153
2449	39156
24495	21188
24516	17110
2456	2625
24572	57
24586	331
24593	506
24600	86
24628	2227
24635	508
24649	16186
24684	78
24691	20519
24698	36170
24705	34035
24712	21026
24740	13809
24747	18266
24754	7271
24761	1183
2477	839
24775	659
24796	70
24803	2859
24810	16371
24824	745
2484	13852
24852	1291
24859	23979
24866	2429
24873	526
24880	321
24894	69938
24901	19012
24908	150
2491	3298
24922	8389
24936	37006
24950	3013
24971	163
24978	233
2498	9003
24985	24687
24992	2947
24999	2569
250	15355
25020	3687
25041	376
25048	364
25055	6760
25069	167
25076	8510
25083	10648
25104	3103
25118	3912
2512	10450
25125	1340
25139	28322
25146	60
25160	4351
25174	48018
25181	22789
25188	12889
25202	5312
25209	43089
25216	14459
25223	25451
25230	10269
25251	347
25258	4341
2526	6629
25279	1887
25314	264
25321	23286
25328	110
2533	14005
25335	6410
25356	11881
25398	1808
2540	4756
25405	11952
25419	244
25440	14004
25461	11477
25468	14160
2547	1547
25489	6952
25496	4878
25524	3422
25538	4514
2554	7507
25545	4091
25552	10402
25566	3047
25580	48
25587	1117
25601	2454
2561	18832
25629	570
25636	58780
25643	4307
25671	14946
25685	7789
257	38283
25706	33511
25713	81079
25734	4368
25741	1970
25755	291
25762	3811
25769	790
25783	6469
25790	54048
25797	593
25804	6518
25811	91
25839	7079
25853	34736
2589	945
2596	157
2603	15288
2610	13751
2617	642
2624	33340
2631	40441
264	45028
2652	251
2659	965
2666	26735
2673	13541
2680	4434
2694	13015
2701	9647
2708	44666
271	31495
2715	20033
2722	30000
2750	2146
2757	9833
2764	8862
2771	3675
2778	6141
2792	30112
2799	6233
28	13583
2813	50566
2820	14225
2827	24087
2841	67
2848	5771
2855	10145
2862	54413
2869	539
2876	47746
2883	4004
2890	12543
2897	2565
2904	30736
2911	5932
2918	15394
292	42530
2925	1174
2932	23302
2939	70500
2946	21343
2953	25187
2960	5509
2967	149
2974	38738
2981	12540
2988	4058
299	136
3	1108
3002	37
3009	8913
3016	4052
3023	17413
3037	615
3058	24370
306	318
3072	925
3079	117417
3086	69098
3093	21031
3100	21203
3107	1559
3114	21351
3121	61
313	13141
3135	5698
3142	68363
3149	2315
3156	6626
3170	2728
3177	3202
3184	567
3191	19417
320	644
3212	11330
3219	502
3226	3727
3233	11672
3240	20346
3247	38525
3261	1762
3268	364
3282	34222
3289	11040
3296	7247
3303	205
3310	23
3317	5087
3324	9958
3331	365
3338	6143
334	6364
3359	86033
3366	7434
3380	1145
3387	12366
3394	3345
3401	3757
3408	12001
341	573
3422	444
3436	4849
3443	20287
3450	8776
3457	14446
3471	20060
3478	48937
348	17
3485	26492
3492	444
35	22915
3506	2759
3513	21094
3527	344
3534	481
3548	17203
355	47746
3555	443
3562	36719
3576	9650
3590	8556
3597	120
362	12460
3625	13131
3639	176
3646	10357
3653	44650
3660	328
3667	35839
3681	356
3688	42453
369	695
3695	4899
3702	8999
3709	34
3716	5401
3723	45453
3730	23385
3737	2716
3744	1905
3751	6163
3765	2489
3772	5857
3779	241
3793	57692
3800	85545
3807	23812
3821	55290
3828	48050
383	501
3835	8981
3856	19595
3863	22969
3870	17370
3884	7904
3891	25028
3898	19663
390	2520
3905	18942
3912	22091
3919	45735
3926	35114
3933	61619
3947	38
3954	8287
397	546
3975	113872
3982	10132
3996	3129
4010	31855
4017	14585
4024	90
4031	680
404	21223
4052	33208
4059	16583
4066	67
4080	29093
4087	15192
4094	34730
4101	43617
4108	3070
411	100886
4115	26056
4122	4745
4129	21754
4143	13409
4150	2004
4157	1197
4171	26937
4178	15705
418	26966
4185	942
4192	125
4199	2612
42	14151
4206	2244
4227	85
4241	13537
4248	11232
4255	35815
4262	31722
4269	44
4276	379
4290	7594
4297	13560
4311	22014
4318	26319
4325	1768
4332	10715
4339	77429
4346	15886
4353	24366
4374	30235
4395	280
4409	29683
4430	11556
4437	24641
4444	17004
4458	388
446	24482
4465	4972
4472	20690
4493	212
4514	3695
4521	12686
4528	26633
4535	21950
4549	12919
4563	330
4570	33865
4598	1514
460	12242
4605	116
4612	22490
4619	21382
4626	22737
4640	4736
4647	40648
4654	9953
4661	967
4675	489
4689	47373
4696	29395
4703	7396
4710	6430
4717	14042
4724	691
4731	4792
474	1359
4745	72538
4752	14711
4766	222
4773	14574
4780	55986
4787	56
4794	11609
4808	19587
481	157
4829	60814
4836	298
4857	36015
4864	22602
488	129
4892	3271
4899	1176
49	442
4906	291
4927	2875
4934	87301
495	17949
4955	2142
4962	23184
4969	98164
4976	81
4983	20242
4990	600
4997	1276
5004	30794
5011	947
502	14251
5025	60057
5039	9532
5046	13719
5053	190
5060	111
5067	18582
5081	6572
5088	2218
509	21740
5095	12676
5102	62550
5109	1779
5116	17047
5130	6521
5137	40437
5144	434
516	37564
5172	3286
5186	7728
5193	14095
5200	31902
5207	42552
5214	43780
523	1314
5242	1897
5256	17734
5263	22230
5270	14152
5284	18932
5291	21657
5298	38117
5305	16082
5312	49832
5319	19311
5326	19922
5333	1556
5340	54818
5354	20294
5361	5123
5368	26691
537	79
5382	26011
5389	35540
5403	62
5410	17876
5431	16022
5438	2238
544	15584
5452	42005
5459	15521
5473	215
5480	930
5487	54469
5494	2639
5501	25508
5508	3099
551	77589
5522	23967
5536	41464
5543	2723
5550	56366
5557	25157
5571	30783
5585	12199
5592	21987
5599	40617
56	5279
5613	29541
5620	1873
5634	55628
5641	19901
5648	61753
5655	107
5662	66906
5676	10224
5690	120
5697	10125
5704	84
5711	1465
5718	22236
572	53
5725	1102
5732	5477
5746	34637
5753	16035
5760	14385
5767	37451
5774	3543
5781	24443
5788	137
579	34398
5795	28
5802	1757
5816	35201
5823	22934
5830	21991
5844	20496
5858	14130
586	71
5865	82
5879	6869
5893	5506
5900	9106
5907	1099
5921	9897
593	10552
5935	17476
5942	4485
5949	11675
5956	12773
5963	35067
5970	260
5977	15428
5984	6882
600	25242
6005	10193
6019	43592
6033	111
6040	31941
6054	23747
6061	9781
607	21554
6075	15915
6082	42
6089	15754
6103	29120
6117	3122
6124	3251
6131	2843
6138	147
614	14184
6145	18745
6152	81954
6173	665
6187	13917
6194	243
6201	7754
6208	8910
621	601
6222	464
6229	76
6236	749
6243	28270
6257	3748
6264	121
6278	24181
628	126
6299	1306
63	8549
6313	80571
6327	17326
6334	3075
6348	16707
635	4176
6355	19963
6362	3963
6369	2147
6383	27668
6390	1247
6397	40
6404	4393
6411	2333
6418	21048
642	85
6425	3818
6432	30118
6446	23714
6453	33343
6460	1802
6467	40693
6474	12599
6481	21199
6488	2036
649	4123
6516	19654
6523	1123
6530	15152
6537	746
6551	26187
6558	110
6565	2400
6572	3311
6593	6126
6600	385
6614	11330
6628	191
6635	3100
6642	2352
6649	3767
6656	25163
6677	6483
6684	7099
670	12755
6719	22876
6726	32433
6733	32235
6740	35452
6747	281
6761	1401
6782	444
6789	22889
6803	1557
6810	24406
6824	52
6838	7864
684	10580
6859	252
6866	10905
6873	12202
6894	31030
6901	18773
6908	15054
691	34300
6915	3848
6922	26615
6936	12422
6943	6935
6950	9297
6957	56424
6971	2830
6985	24118
70	197
7006	26724
7013	37842
7020	1092
7034	1689
7041	378
7055	2644
7062	46500
7076	1185
7083	49337
7097	56452
7104	20277
7118	38460
712	5560
7125	23721
7139	13577
7160	29555
7167	125
7174	7051
7181	18980
7188	9733
719	12626
7195	7004
7209	1688
7223	16580
7230	400
7237	3643
7244	628
7251	15075
7258	571
726	9044
7265	170
7272	978
7279	874
7293	49033
7307	19133
7314	6981
7321	106
7328	527
733	25590
7335	3841
7342	4161
7349	794
7363	15458
7370	27453
7377	108
7398	10737
740	99
7405	19230
7419	80
7426	227
7433	12895
7440	16007
7447	12080
7454	16563
7461	982
747	204
7475	19754
7482	412
7489	6189
7496	408
7510	55021
7517	1833
7538	3118
754	14
7545	2409
7552	1018
7559	137
7566	8451
7573	29218
7580	18557
7587	504
7594	42
7615	4253
7629	4707
7636	12514
7643	315
7650	1567
7657	10512
7664	849
7671	4741
7678	15089
7685	3757
7692	1864
7699	1031
77	23565
7706	4716
7727	6185
7734	35588
7748	8699
775	23490
7762	68611
7769	10869
7776	10132
7783	2271
7790	32716
7804	2854
7811	48851
7818	16006
782	7068
7832	1748
7839	18136
7860	3805
7867	3210
7874	49017
7881	1883
7902	38
7909	152
7916	95
7930	391
7937	355
7958	27788
796	3116
7965	35662
7972	1304
7986	34897
7993	86703
8000	22284
8007	281
8014	25492
8021	18654
8028	24586
803	105
8035	85087
8049	19065
8063	43004
8070	5912
8077	284
8084	31604
8091	75
8098	16572
8105	161
8126	7463
8154	396
817	23237
8175	36399
8182	22386
8196	3033
8203	979
8217	2440
8224	11474
8238	36536
824	47741
8245	21793
8252	34649
8259	113
8266	2472
8273	3970
8280	12652
8287	6859
8294	17867
8301	115545
8308	2208
831	4967
8315	2299
8329	32000
8336	47456
8343	27844
8350	21432
8357	11165
8364	26157
838	235
8385	23545
8392	547
8399	28407
84	51883
8413	10504
8420	324
8427	662
8434	105404
845	16260
8455	27773
8462	109
8469	6443
8476	17477
8483	36144
8497	18426
8504	59373
8511	1109
852	14165
8525	26816
8532	22119
8546	27233
8553	55815
8560	50645
8567	1223
8574	45
8581	79
859	2770
8595	123
8609	15161
8616	6066
8630	16147
8637	6985
8651	247
8658	65710
866	6365
8665	23097
8672	1773
8679	24558
8686	202
8693	28665
8707	44797
8714	63437
8721	33280
8728	822
8735	14345
8742	18692
8749	20069
8777	1127
8784	31946
8791	20086
880	1238
8805	26194
8819	4297
8826	203
8833	6079
8840	66
8847	1228
8854	1433
8861	6620
887	12838
8875	5070
8882	10495
8889	8364
8896	62
8910	8566
8917	23834
8924	23679
8931	31725
8938	1461
894	43632
8945	10798
8952	18228
8959	14
8966	10817
8994	917
9001	13016
9008	12409
9015	665
9029	9784
9050	16314
9057	10970
9071	24512
9085	15120
9092	11043
9099	715
9106	5010
9113	5509
9120	35019
9127	313
9141	17985
9155	565
9169	76
9183	3762
9190	6525
9197	12155
9204	5277
9211	932
922	37214
9225	835
9232	17047
9253	28424
9267	11091
9274	3821
9281	29450
9288	1444
929	2413
9295	11667
9302	3423
9309	34310
9316	17054
9330	36736
9351	977
9372	14417
9386	964
9393	29754
9400	24066
9407	56173
9421	577
943	3168
9442	5392
9449	43891
9456	262
9463	13028
9470	27624
9477	576
9484	72406
9498	809
950	22309
9519	62
9526	2487
9540	435
9554	111
9561	1174
9568	127
957	513
9575	8929
9603	5399
9624	691
9631	1946
9638	11595
964	15436
9645	14891
9652	3904
9659	1216
9666	7488
9680	30553
9701	102
9708	7908
971	29752
9715	12873
9729	19423
9736	466
9743	6697
9750	30
9757	430
9764	4705
9771	236
9778	1308
978	3214
9785	99
9792	15367
9799	12296
9813	1328
9820	689
9827	41420
9834	117
985	13254
9855	10044
9883	516
9890	76
9897	62
9904	2424
9911	23075
992	542
9925	10183
9939	340
9953	132
9960	2318
9967	748
9974	17239
9981	4351
9995	64
