10001	420
10008	97536
10015	53082
10029	8134
1003	4285
10043	1347
10050	14922
10057	32078
10064	101
10071	25383
10078	14760
10085	80823
1010	27383
10106	4046
10120	14044
10127	18740
10134	39194
10141	26014
10148	2466
10162	14488
1017	243
10176	6362
10183	11317
10190	6968
10204	54934
10211	10771
10218	3375
10239	2778
1024	243
10246	230
10253	6929
10260	1137
10267	7738
10274	44754
10288	29886
10295	11801
1031	12554
10323	371
10330	4774
10344	11652
10365	5859
10372	41
10379	2080
1038	35005
10393	52
10407	31155
10414	1780
10421	16719
10428	67567
10435	4479
10442	46068
10449	26833
1045	29345
10456	862
10470	31306
10477	21541
10484	5303
10491	87588
10498	1252
10505	6079
10512	9814
10519	14121
10540	74
10561	6894
10568	61
10582	22136
1059	11775
10596	544
106	36694
10603	12654
10610	353
10617	6854
10624	21151
10631	74
10638	2078
10645	229
10652	23513
1066	29168
10673	14511
10680	15987
10687	10168
10694	49265
10708	21372
10722	283
1073	41
10736	33528
10743	46493
10750	59058
10764	8279
10771	1660
10792	587
1080	685
10806	1052
10813	12924
10820	10900
10834	47406
10841	7118
10848	21498
10869	7267
1087	11747
10876	22906
10883	75
10897	1579
10904	5412
10911	354
10918	3374
10925	7752
10939	52725
1094	6574
10946	47115
10981	11734
10988	6261
10995	9446
11009	44
11016	20061
11023	63
11037	2105
11058	973
11065	1973
11072	25625
11079	12033
1108	2342
11086	714
11093	22184
11100	16235
11107	12200
11114	34296
11121	1717
11128	60144
11142	30022
11149	4150
1115	11639
11156	7676
11177	24004
11184	1577
11198	19478
11205	73495
11212	50
11219	179
1122	37095
11240	11163
11254	20115
11261	60
11268	82572
11282	41018
11289	8009
1129	6875
113	9282
11303	11219
11310	18770
11317	26930
11324	47645
11331	6778
11352	12612
11359	25539
1136	46169
11366	650
11380	31418
11387	9327
11394	9597
11401	4913
11415	31498
11422	10411
1143	23134
11436	1222
11457	404
11464	430
11471	36695
11478	676
11485	32837
11492	9104
11499	9186
1150	12888
11506	22356
11513	873
11527	34919
11534	4062
11541	32454
11548	22962
11555	24960
11562	202
11569	32020
11576	14516
11590	35317
11597	4447
11618	113
11639	5419
1164	158
11653	7790
11660	13792
11667	27769
11674	21467
11688	58
11702	18697
11709	38760
11716	5974
11730	46765
11737	100
11751	78005
11758	12077
11772	45059
11779	23
1178	13625
11786	24908
11793	4175
11807	55929
11814	162
11821	18376
11828	33405
11849	97
1185	30871
11863	567
11877	7433
11898	44267
1192	290
11933	5198
11940	800
11947	12226
11954	105
11968	82
11989	31784
1199	1955
11996	1401
120	3483
12003	1779
12010	6948
12017	49559
12024	21149
12031	8085
12038	4573
12045	553
12052	5897
12059	1187
1206	56788
12066	701
12087	1072
12094	27458
12101	3552
12108	101
12122	4460
12129	47791
1213	56765
12136	18024
12143	42
12150	6504
12157	2140
12185	103
12192	4232
1220	14162
12206	11196
12220	6707
12227	2620
12234	25973
12241	50344
12255	10713
12269	535
12276	3739
12283	378
12290	25932
12297	101
12318	11150
12325	32408
12332	119
12339	3918
12346	7786
12353	513
12367	29853
12374	7552
12381	15625
12388	609
12402	23988
1241	9916
12430	36777
12458	85
12472	2651
1248	41542
12507	7413
12514	872
12521	64
12528	40909
12535	9123
12542	1294
12549	15474
1255	513
12556	444
12570	16592
12598	68785
12605	23619
12612	4672
12619	9856
1262	14086
12647	10233
12654	8820
12661	61
12668	531
12675	54987
12689	24944
1269	9323
12696	30638
12703	1837
12710	11594
12724	21554
12731	202
12738	221
12745	7057
12759	4245
1276	15973
12766	14831
12773	2983
12780	45683
12794	17288
12808	23298
12815	144
12829	8860
1283	18941
12843	317
12857	167
12864	6453
12878	19816
12892	1256
12899	21
1290	553
12906	23380
12920	4713
12927	79260
12934	839
12941	7063
12955	2169
12962	22319
12976	23500
12983	2567
12997	18470
13004	627
13011	551
13018	28559
13046	52805
13053	335
13060	30
13067	23761
13074	3694
13088	12673
13095	12860
13102	8979
13109	18415
1311	2323
13116	64644
13130	2525
13144	4590
13151	5753
13158	23420
13165	13918
1318	42048
13186	52031
13193	18397
13200	1199
13207	590
13228	4800
13235	10183
13242	10178
13249	34407
1325	19603
13256	54701
13270	5829
13277	11544
13284	1000
13291	113
13312	10298
13319	20445
1332	9262
13333	3263
13340	3405
13361	45113
13368	2505
13382	4306
13389	19145
1339	404
13396	21745
134	2829
13403	260
13424	8863
13431	45154
13445	27496
13452	18682
1346	76
13473	16857
13480	2186
13487	1521
13494	24945
13501	61
13508	3204
13515	2052
13522	5469
13529	19244
13536	444
13543	1346
13557	23106
13571	15154
13592	543
1360	39189
13613	25236
13620	58
13627	741
13634	6309
13655	64140
13662	73
13669	3434
13676	29342
13690	5418
13704	58
13711	8080
13718	2252
13725	234
13732	847
13739	743
1374	20645
13746	9438
13760	587
13767	79
13781	127
13795	50380
13802	311
13809	7050
13823	3184
13830	375
13837	54075
13844	8989
13851	27542
13858	121
13872	11692
13879	1614
13886	36550
13893	15337
13900	55750
13907	25360
13914	40
13921	14805
13928	13048
13935	44207
1395	1876
13956	8530
13963	11689
13991	253
14005	24918
14012	729
14019	23019
1402	447
14026	251
14033	6476
14054	4433
14061	14308
14068	5157
14075	118
14089	8255
1409	113
141	84294
14103	12649
14110	85070
14117	73188
14131	7125
14145	2641
1416	31772
14166	4048
14173	64580
14187	50687
14208	5610
14215	722
14222	14002
14243	38058
14250	24
14257	850
14271	394
14278	3028
14285	2264
14292	33970
1430	370
14306	516
14320	12109
14334	18438
14341	24163
14355	19670
14362	278
14369	15156
1437	192896
14383	31623
14390	14069
14411	162
14432	30473
1444	14031
14453	331
14467	177
14474	4233
14488	8828
14495	35428
1451	16065
14523	3798
14537	11673
14572	13956
14579	95
14593	299
14600	37374
14607	12623
14621	425
14635	5776
14642	3583
1465	834
14656	31394
14663	15271
14670	140
14677	663
14684	7427
14691	18463
14698	6828
14712	7717
14719	3077
14726	237
14733	111
14747	1006
14761	11467
14768	27036
14775	8540
14782	17646
14789	1804
1479	17823
148	11648
14803	21706
14810	151
14817	2620
14824	2475
14831	2368
14838	11470
1486	7235
14866	20563
14880	5697
14901	15910
14908	1975
14922	4929
14929	630
1493	41895
14936	2537
14943	13896
14950	25146
14964	14507
14985	243
14992	41
14999	4593
1500	9698
15006	113016
15020	149
15027	53435
15041	3297
15048	21306
15055	46871
15062	5699
15069	6202
15076	16664
15083	2560
15090	33268
15097	16530
15104	15429
15111	8317
15125	13622
15132	25259
15139	278
15181	21845
15195	214
15202	14446
15216	77
15223	814
15230	7451
15258	7820
15265	4872
15272	112
1528	8800
15293	17565
15300	23052
15307	15636
15314	213
15321	2019
15328	7302
15335	112
15342	48
15349	1243
15363	49469
15370	148
15384	721
15391	13837
15405	24851
15419	70
1542	63150
15433	214
15440	9545
15447	78
15454	28502
15461	21
15468	942
15482	830
15496	1784
155	859
15503	13161
15510	2024
15524	31656
15538	3667
15559	19103
1556	29271
15566	116405
15573	34
15580	22837
15587	31106
15601	25726
15636	10486
15643	59
15650	67
15664	21055
15685	2934
15699	3073
1570	7102
15713	14246
15720	521
15727	502
15734	48250
15741	155
15748	16969
15755	85
15762	17425
15769	60061
1577	4310
15790	12225
15797	18094
15811	21749
15818	16107
15832	17028
15839	31392
15846	3937
15860	376
15867	5349
15874	14096
15881	17588
15888	25402
15895	35786
15909	27398
1591	27879
15923	15415
15930	6023
15937	257
15951	19194
15958	8665
15972	11710
15979	22719
1598	1325
15986	1291
16000	65223
16007	49
16014	3389
16021	1764
16035	456
16042	12892
16056	2415
16063	8452
16098	3050
16105	273
16112	5712
16119	8225
1612	636
16126	16331
16133	1899
16140	7873
16147	3882
16154	20309
16161	31343
16168	146
16175	9625
16182	12353
1619	5878
16196	876
162	5544
16203	355
16224	20476
16238	16516
16252	44652
16259	9180
1626	563
16266	23900
16273	3105
16287	201
16301	3087
16322	11323
1633	38183
16343	755
16350	7496
16364	206
16371	31564
16378	6454
16385	556
1640	17613
16406	6776
16413	8027
16420	48326
16427	46064
16434	807
16441	30434
16448	12003
16455	6056
16462	30231
16469	27262
1647	67
16476	34326
16504	38781
16511	21688
16518	164
1654	9052
16546	9558
16553	275
16567	12811
16574	39169
16602	186
1661	4069
16623	17315
16644	441
16651	25
16658	9494
16665	974
16679	717
1668	44019
16693	3130
16721	6255
16728	2499
16735	11806
16742	24772
16770	2360
16777	11385
16798	2789
16805	1678
16819	19578
1682	9910
16833	18960
16840	1791
16847	8805
16854	21521
16861	85154
16875	12077
1689	3695
169	704
16910	10293
16917	15709
16924	27070
16931	8059
16938	1054
16945	17967
16952	10178
16966	80
16973	9549
16987	10297
17001	1903
17008	161
17015	5930
17029	64
1703	25558
17036	2945
17043	22671
17057	65
17064	64648
17085	26714
17099	1516
1710	2756
17113	31366
17127	46798
17155	23352
17169	473
1717	1306
17176	360
17204	22092
17211	24326
17225	4251
17239	394
1724	31540
17246	1568
17253	1147
17260	19513
17281	8110
17288	13562
17302	23814
17309	2511
1731	21439
17316	19015
17323	19
17337	36896
17344	1223
17351	15089
17358	56216
17365	710
17372	33059
17386	7529
17393	11776
17414	180
17421	18093
17428	32741
17449	49
17456	1377
17463	7356
17470	154
1752	389
17547	6334
17554	27584
17568	847
17589	4614
1759	56802
17596	79886
176	22257
17603	8839
17610	545
17624	3582
17631	95111
17645	74482
17652	51405
17659	17524
17666	10317
17673	44820
17680	69
17687	7217
17694	32479
17708	13898
17729	19053
1773	72269
17736	40
17743	13546
17757	18086
17764	1194
17771	32993
17778	7077
17799	32723
1780	5889
17813	5242
17820	15185
17827	327
17834	138
17848	647
17869	1933
1787	15619
17897	52943
17911	25864
17918	62
17925	12455
1794	139
17946	39145
17953	24632
17967	32
17974	28014
17981	26562
17988	51028
17995	8683
18002	25197
18009	74
18016	3528
18023	33307
18030	7585
18065	32351
18072	14846
18079	515
1808	37337
18086	31840
18114	14934
18121	16573
18128	199
18135	3172
18142	8789
1815	1698
18163	18148
18170	13800
18177	5848
18184	4895
18191	177
18198	28011
18219	10454
18226	163
18233	2793
18240	47867
18247	48362
18261	89
18275	64
18282	60512
18289	19461
18296	9490
183	24266
18324	1733
18338	118
18345	12025
18352	300
18359	100
1836	175
18366	15702
18380	21233
18387	7747
18394	19456
18401	674
18408	8165
18422	3715
1843	88
18436	62906
18443	75
18457	2681
18464	2602
18471	23822
18478	40754
18492	19451
1850	8976
18506	7638
18534	1105
18541	19897
18548	203
18569	38906
18576	171
18583	2590
18597	676
18604	16703
18611	1172
18625	20652
18632	11524
18639	31807
1864	37064
18646	1711
18681	4501
18702	12121
1871	25401
18730	1062
18737	266
18758	8207
18765	779
18779	17399
1878	7674
18786	2626
18821	22045
18828	6749
18835	49259
18842	5403
18849	10811
18856	5461
18877	351
18884	70171
18898	42784
18905	21813
18912	50360
1892	2743
18926	4293
18940	2082
18947	5564
18954	710
18961	9725
18975	202
18982	213
18989	19480
1899	5648
18996	52273
19003	3849
19038	17201
19059	3344
1906	958
19080	2423
19087	2766
19094	9705
19129	10840
1913	25703
19136	16247
19157	11704
19171	12
19185	39785
19192	108
19199	22135
1920	6184
19213	499
19220	10151
19227	27473
19248	271
19262	12089
19269	181
1927	143
19276	9445
19283	381
19290	4002
19304	476
19311	93
19318	25100
19325	19099
1934	533
19346	30795
19367	9378
19381	15533
19395	34598
19402	12578
19409	4013
1941	26192
19423	13715
19430	353
19437	7563
19472	2327
19479	17524
1948	12191
19493	68338
19500	45944
19507	9854
19521	1776
19535	5673
19542	5450
19549	6208
1955	3568
19570	93
19577	13675
19584	6467
19612	38251
1962	120
19633	11767
19640	140
19654	29718
19661	969
19668	5448
19675	32952
1969	20224
197	16598
19703	9607
19717	345
19724	2088
19738	30022
19745	4032
1976	5562
19766	19962
19773	51942
19808	2876
19815	13866
19822	6168
19829	11050
1983	8386
19850	45659
19871	10902
19899	17853
1990	8514
19913	12091
19920	9544
19927	27824
19934	26870
19948	10959
19962	53218
1997	9339
19976	36
19997	46774
20004	12373
20011	8496
20032	8203
2004	23351
20046	18441
20053	11590
20060	272
20074	5179
20088	644
20109	368
2011	1735
20116	56288
20123	2811
20151	24788
20179	54555
2018	29912
20193	30360
20200	6625
20207	56789
20214	35235
20228	1119
20235	6387
20256	18634
20270	4135
20277	26430
20284	10219
20298	27062
20312	6275
20333	706
20340	29905
20354	37816
20368	10748
20382	26473
2039	23846
20396	18097
204	33092
20417	70718
20431	18020
20452	240
20459	7888
20466	15893
20480	5366
20494	436
20501	27506
20515	2087
20522	15730
2053	457
20536	13001
20564	1394
20578	4642
20585	18588
20599	317
2060	13269
20606	1441
20620	3826
20627	69184
20634	905
20655	10439
20669	1935
2067	14597
20676	12
20697	810
20711	40410
20718	13582
20725	880
20739	15568
20760	57615
20767	15812
20788	2349
20795	792
20809	4956
2081	9192
20816	11032
20830	5262
20837	907
20844	593
20851	147
20886	56334
20893	385
20900	10852
20907	288
20914	16060
20921	24767
20928	64901
20942	16686
20949	669
2095	71936
20963	9144
20970	18284
20998	3672
21005	3919
21012	7464
21019	5095
2102	9810
21040	141
21054	737
21082	846
21089	10258
2109	6253
21096	209
211	6808
21103	11606
21110	539
21124	47456
21138	104
21145	32923
21152	410
21159	34369
2116	50242
21166	21736
21173	16250
21187	336
21194	798
21201	357
21208	28725
21222	113
21229	17648
2123	145
21236	9393
21243	86
21250	50067
21257	41889
21271	7218
21278	21465
21285	1452
21292	49496
21299	105
2130	13980
21313	55
21327	223
21355	10694
21362	2811
21376	398
21390	354
21397	45235
21411	1122
21432	15065
21439	161
2144	2557
21460	4960
21467	26384
21474	9177
21488	33063
21495	3914
21530	64454
21551	9464
21558	28024
21572	73
21579	34814
2158	10799
21586	496
21600	4296
21621	6790
21628	104791
21635	9091
21649	860
2165	1978
21670	182
21684	6529
21705	10491
21712	4535
21719	46700
2172	2314
21726	9736
21733	14861
21740	2416
21747	3547
21768	135
21782	4469
21789	12761
2179	4098
21796	33739
218	32391
21824	289
21852	16441
21880	49124
21887	438
21894	17204
21908	42501
21922	30854
21929	2758
2193	99
21936	79560
21950	45220
21999	4881
2200	568
22013	6220
22020	36838
22027	34060
22034	5407
22041	5824
22055	17615
22069	5627
2207	1422
22083	2034
22111	27799
22125	182
22139	8195
2214	9014
22146	11047
22160	2826
22181	7686
22195	13977
22209	20807
2221	134
22216	963
22223	48
22237	5606
22272	20367
2228	4710
22286	19287
22293	7479
22307	40608
22314	961
22321	3942
22349	2248
2235	145
22356	2603
22370	33914
22412	10610
2242	3779
22426	43124
22433	1902
22440	17431
22454	12058
22475	17272
22482	4582
22489	200
22503	28169
22517	7551
22531	7523
22559	64439
2256	23695
22566	318
22573	346
22580	71718
22587	5315
22601	21591
22608	4129
22615	1149
22629	41074
2263	1985
22636	3774
22643	962
22650	27272
22657	323
22671	759
22678	4624
22685	39760
2270	590
22706	18770
22720	24217
22734	25380
22741	49207
22762	12556
22769	250
22783	41
22790	60
22797	460
22804	8167
22825	41839
22832	14520
22839	79122
2284	5137
22846	533
22853	5273
22881	96
22902	41378
2291	377
22923	311
22930	4285
22951	14497
23000	535
23014	342
23021	9590
23035	10676
23042	135
2305	9884
23056	673
23063	23378
23070	9026
23077	44735
23091	18778
23098	5048
23112	7457
23119	19667
23126	6464
23161	6488
23189	15304
2319	21669
23203	29075
23210	2122
23217	72
23224	18774
23238	11961
23245	55
23252	5580
23259	360
2326	582
23273	29
23294	183
23308	29497
23315	15468
23322	6429
23329	21482
2333	5642
23336	331
23343	20852
23350	3394
23371	8289
23378	15950
23385	32220
23392	924
23399	2650
2340	63
23413	5783
23434	22880
23462	5361
2347	12079
23476	1284
23483	1077
23490	12779
23504	66
23511	2507
23518	8337
23525	51872
23532	21866
23539	301
2354	2892
23560	15947
23574	140
23581	59693
23595	18179
2361	43052
23616	12227
23630	5757
23651	421
2368	15173
23707	276
23728	13357
23735	9121
23742	1526
23749	2629
2375	8484
23756	35082
23777	340
23791	20376
23805	43
23812	67514
23819	49542
2382	9078
23826	35937
23840	1604
23854	14595
23861	291
23875	40202
2389	28664
23896	4150
239	2121
23917	1458
23924	9914
23931	7008
23952	1587
23994	25277
24	30317
24008	494
24015	16373
24022	30815
2403	44509
24036	2904
24043	14629
24050	4168
24057	14708
24064	62477
24071	2149
24085	27697
2410	41006
24120	20
24127	253
24148	9688
24162	3414
2417	30372
24183	47873
24197	14712
24225	20505
24232	845
24239	174
24260	7540
24267	8466
24274	104
24288	1734
24295	64489
24309	3348
2431	136
24323	306
24330	383
24344	44897
24365	446
24379	29891
2438	41386
24386	7853
24393	54
24400	701
24407	39022
24414	6051
24421	9178
24428	402
24435	21296
24456	36851
24463	24023
24470	16214
24484	24049
24498	810
24505	6223
24519	55
2452	11058
24526	22046
24540	8633
24547	4650
24568	13766
24589	10020
2459	24317
24596	19621
246	23908
24610	10181
24617	5797
24624	818
24638	1323
24645	79
24652	523
2466	9771
24666	32232
24680	907
24687	22838
24708	1608
24736	51092
24743	37782
24764	3484
24792	20672
2480	15383
24813	50035
24827	1015
24834	196
24841	10951
24862	101
24869	107
2487	88
24876	49237
24897	20785
24904	644
24918	15066
24939	175
2494	2408
24946	30790
24960	4848
24967	151
25002	42954
2501	4268
25016	5916
25030	1179
25037	329
25044	121
25058	646
25065	293
25072	406
2508	86301
25093	13099
25107	47413
25142	50316
2515	3714
25156	3007
25177	4160
25184	22985
25205	43710
2522	10781
25226	12674
25233	36267
25240	6965
25247	21536
25254	803
25261	10310
25275	25225
25289	17195
2529	11064
253	80583
25303	11684
25310	2438
25317	13325
25338	19539
25352	348
2536	15895
25366	1560
25387	16369
25394	547
25408	294
25415	40814
25422	59
25457	24846
25464	16944
25471	7835
25478	5032
25485	7198
25499	10329
2550	6477
25506	7786
25520	1662
25527	355
25534	2062
25548	2529
25562	14034
25569	43599
2557	792
25576	2246
25597	29156
25604	1122
2564	473
25646	13215
25674	2393
25695	109
25702	10341
25716	12825
25737	3244
25744	87
25772	24395
25779	329
2578	21172
25800	3459
25821	40016
25828	878
2585	8654
25856	14801
25884	346
2599	22290
260	288
2613	17999
2620	28474
2627	17816
2641	634
267	1464
2676	34724
2683	839
2690	5879
2697	36749
2704	8679
2711	274
2718	22202
2725	41858
2739	1991
274	36792
2746	23186
2767	21523
2774	11086
2781	24934
2788	14596
2795	6202
2809	3773
2830	60
2837	198
2844	1438
2865	10882
2872	553
2879	34495
288	62344
2886	2769
2893	7157
2900	70
2907	7888
2921	366
2935	13469
2942	46533
2949	32013
2956	20663
2963	28523
2970	55892
2977	6403
2991	705
2998	29
3005	13090
3019	27283
302	12119
3026	43486
3033	10841
3040	16105
3054	8676
3061	8492
3068	262
3075	652
309	1106
3096	101
31	13382
3103	1544
3110	118
3117	1258
3124	304
3138	4708
3145	23042
3159	20217
316	2870
3166	26141
3180	2303
3194	11643
3201	13593
3208	27728
3222	19896
3229	152
323	33640
3236	7238
3243	58561
3257	6991
3271	9538
3278	17103
3285	251
3299	4068
330	33430
3306	57847
3320	39729
3327	11352
3334	884
3341	1946
3348	43
3355	8189
3362	27115
3369	40
337	5539
3376	23161
3383	290
3390	137
3404	10437
3411	13343
3425	7031
3439	20732
3446	17447
3453	40833
3460	6776
3474	568
3481	4807
3488	55
3495	7045
3502	102
3516	26942
3523	2289
3530	3063
3537	37458
3572	17917
3579	34769
358	4190
3593	23716
3600	3936
3607	21401
3614	49938
3635	2470
3642	28354
365	3583
3656	2311
3663	144
3677	249
3684	21027
3698	28590
3705	55
3719	17926
372	68
3726	23030
3733	37280
3740	22412
3747	3213
3754	4615
3768	2377
3789	2013
379	966
3796	59730
38	30473
3817	10306
3824	12964
3831	68382
3838	15004
3852	11976
3859	64078
386	1112
3873	12292
3894	19864
3901	18349
3915	174
3929	47909
3936	826
3943	27329
3957	28076
3964	4086
3971	10662
3985	160
3992	17412
3999	78695
400	5555
4013	74
4020	176
4034	18495
4048	24054
4055	20334
4062	3554
4069	122
407	16220
4076	13077
4097	585
4104	16052
4111	31489
4125	5966
4132	23716
4146	37137
4153	713
4160	84928
4167	85
4181	26880
4188	5682
4195	7299
4209	77
421	353
4223	26251
4237	38732
4244	8204
4251	1267
4258	1385
4272	18990
428	25678
4293	18759
4300	21235
4307	9420
4314	63708
4321	17386
4328	3586
4335	1161
4342	51247
4349	4001
435	1388
4356	375
4398	10511
4405	441
4419	321
442	16118
4440	30352
4454	42766
4468	23878
4482	5095
449	31482
4496	198
45	57354
4503	13793
4510	524
4517	9908
4524	67871
4531	6883
4538	16736
4545	38233
4552	44896
4559	1659
456	21403
4566	4135
4573	27482
4587	2215
4594	139
4601	9864
4608	22553
463	6813
4636	41486
4643	356
4664	67984
4671	8621
4685	15695
4699	7141
470	33522
4706	452
4713	28329
4720	9004
4727	23981
4734	54
4741	71
4755	7832
4769	13198
477	948
4776	127
4783	7066
4790	1161
4797	63678
4804	5235
4811	32
4825	2580
484	78893
4846	578
4860	36
4867	16266
4881	15770
4888	8674
4895	22275
4902	2037
4909	1165
491	12085
4923	5908
4937	4511
4944	13781
4951	12100
4958	10181
4965	14944
4972	15144
4979	6150
498	15685
4986	38
4993	8537
5000	18363
5007	2565
5014	76667
5021	98433
5035	28181
5042	131
5049	25329
505	53652
5056	24131
5063	197
5070	8544
5077	26577
5084	88
5098	22803
5105	7310
5112	6270
5119	49134
512	42814
5133	36
5154	452
5161	438
5175	12448
5182	4421
5189	18595
5203	2891
5217	37880
5231	8397
5238	7077
5245	7300
5252	96
5259	191
526	20897
5273	17279
5287	14694
5294	3752
5301	121
5308	208
5315	15666
5322	41632
5329	9852
533	24836
5336	20942
5343	3216
5357	56560
5364	20374
5385	32803
5392	52221
540	105
5413	20218
5427	1171
5434	15766
5441	51372
5448	855
5469	5160
547	28465
5476	23396
5490	473
5497	31898
5504	2634
5511	2010
5525	6471
5532	8165
5539	45592
554	8152
5546	994
5574	25247
5581	3114
5588	35746
5595	358
5602	3386
5609	8837
561	2037
5616	45364
5623	2902
5630	17283
5637	1825
5644	23171
5651	13333
5658	2914
5672	12188
568	5292
5686	22306
5693	478
5707	26613
5714	26025
5721	781
5728	37547
5735	6921
5749	22408
575	31041
5756	45121
5763	15973
5770	9587
5777	8308
5784	74602
5791	7450
5798	3182
5812	18291
5819	23070
582	13986
5826	34649
5861	93559
5868	10411
5882	65489
5889	4414
589	26445
59	28192
5910	21016
5924	1313
5931	26755
5938	1688
5952	31508
5959	6686
5980	185
5987	15868
5994	51
6001	14604
6008	6590
6022	31191
6029	149
603	14135
6036	4033
6043	31023
6050	11447
6057	24082
6071	26239
6078	673
6085	10739
6092	2045
6113	7040
6134	313
6155	6575
6162	4214
6169	156
617	46423
6183	2327
6190	1930
6218	38341
6225	9338
6239	11759
624	36826
6246	6513
6253	15708
6260	9264
6274	80
6281	13290
6288	51397
6295	25145
6302	18402
6316	16031
6323	10296
6330	49126
6337	32566
6344	60535
6351	8956
6358	4383
6365	36223
6372	1364
6393	1032
6400	109
6407	28
6414	594
6421	17578
6428	50918
6435	8437
6456	10521
6463	3157
6470	2590
6477	20801
6484	30574
6505	29183
6519	1683
6526	2622
6533	54
6540	30041
6554	13296
6561	1281
6568	72
6575	14096
6589	37208
659	17890
6596	46334
66	15346
6610	6497
6617	23883
6631	9669
6638	30413
6652	1908
6659	11058
666	12017
6666	16923
6673	25697
6680	278
6687	38457
6701	42769
6708	27019
6715	6589
6722	1051
6729	26310
6743	13755
6757	15761
6764	18050
6771	35219
6785	25591
6799	7181
680	14115
6806	9844
6820	17051
6827	5292
6834	68320
6841	28427
6848	393
6855	20508
6862	30637
687	32540
6883	11619
6890	1359
6897	1811
6904	47555
6911	18093
6939	2129
694	1295
6946	19889
6953	6665
6960	61143
6967	102
6974	9691
6981	80470
6988	8714
7002	53348
7009	6643
701	30958
7016	61744
7030	8246
7037	4073
7044	11174
7051	15270
7065	22812
7072	8975
7079	54223
708	128
7086	12
7093	5344
7100	13807
7107	113
7121	6571
7128	744
7142	29941
7149	5521
715	5407
7156	38357
7163	27
7170	59905
7177	338
7191	74589
7198	152
7205	27241
7212	2661
7219	22074
722	405
7226	3113
7233	47
7240	5901
7247	67
7254	99
7268	383
7275	76
7282	6501
7289	136
729	14760
73	2161
7303	5692
7310	13519
7317	80587
7324	146
7331	11463
7338	1993
7345	11474
7352	20432
7359	11019
736	7863
7373	52234
7387	38950
7394	787
7422	20973
7429	512
743	73003
7450	24336
7457	52267
7478	2737
7492	36
7499	3552
750	34694
7506	29857
7520	18304
7527	3777
7534	4713
7548	327
7569	14035
757	28733
7576	10682
7590	58513
7597	19276
7604	34588
7618	24
7625	1184
7639	2040
764	25787
7646	409
7653	503
7660	7397
7667	35050
7674	3021
7681	212
7688	903
7695	6591
7709	18181
771	4782
7716	646
7730	12224
7737	60087
7744	31546
7751	93112
7758	107
7765	24191
7772	6169
778	27839
7814	575
7821	6425
7842	25593
785	41849
7856	23083
7863	7871
7870	14750
7877	39348
7884	5150
7891	14597
7898	37266
7905	6788
7912	182
7926	18183
7940	7981
7947	117
7954	282
7961	915
7996	9808
80	31701
8003	35100
8010	55805
8017	21
8024	17931
8031	10436
8045	2851
8059	2426
806	9753
8073	312
8080	16041
8087	2639
8094	41375
8101	35005
8115	10136
8122	11273
8129	8187
8136	16052
8150	52649
8157	424
8164	363
8171	36920
8178	29638
8192	188
8199	5118
8206	25
8213	108
8234	3033
8241	116
8248	28682
8255	26096
8262	37
827	3923
8276	2427
8283	787
8290	183
8297	164
8318	188
834	215
8346	91782
8374	44867
8395	1043
8402	3539
8409	36256
841	7297
8416	3269
8437	135
8444	23127
8451	17736
8458	1735
8465	648
8472	71
8479	13651
848	27972
8500	143
8507	78358
8528	1569
8535	17368
8542	369
8549	7788
855	250
8556	17984
8570	27836
8577	18222
8591	78
8598	13942
8612	18424
862	12237
8640	3869
8647	19713
8654	83
8668	13912
8675	292
8689	10850
869	2043
8696	705
87	31231
8703	8245
8731	43897
8738	416
8745	17320
8759	5238
876	37
8773	127
8780	9098
8794	33932
8801	10959
8808	4976
8815	55910
8822	41422
8829	44714
883	3603
8836	7197
8843	9474
8850	21833
8857	151
8864	5124
8871	15799
8878	72942
8885	42013
8899	62379
8906	286
8913	6041
8920	22330
8927	34863
8934	32528
8941	19231
8955	817
8962	18914
8969	6592
897	452
8983	492
8990	3803
9004	36050
9025	15274
9032	61102
9039	42049
904	2822
9046	11179
9060	14549
9074	381
9109	83
911	186
9123	44497
9130	42376
9137	14663
9151	13822
9165	15411
9172	256
9179	6546
9186	1143
9193	40121
9207	25614
9214	25927
9221	25386
9228	143
9235	1269
9249	722
9263	4406
9270	12806
9277	35
9291	8526
9298	21348
9319	28958
932	110
9326	3513
9333	79
9340	1812
9354	11022
9361	16504
9368	15275
9375	3272
9382	81549
9389	142
9396	54349
94	2468
9410	723
9417	106
9424	51872
9431	27360
9438	10934
9445	184
9452	665
9459	1594
9466	17412
9473	476
9480	61974
9487	2896
9501	4505
9508	83378
9515	141
9522	279
9529	1286
953	51
9550	9484
9571	1267
9585	31932
9592	12893
960	33266
9606	38865
9613	5252
9620	67906
9627	66194
9634	38549
9641	36881
9648	7145
9655	2607
9662	77827
967	395
9676	3458
9711	1612
9718	17484
9739	11551
974	20844
9753	587
9767	4382
9774	1323
9795	84
9816	605
9823	479
9830	8128
9844	23097
9851	3400
9858	61575
9865	33967
9872	19032
9879	20357
988	6245
9893	50
9900	93023
9914	31174
9921	936
9928	8031
9935	3102
9942	1232
9949	108
995	24224
9956	524
9963	600
9970	71
9977	66
9984	26880
9991	8645
9998	27772
