0	73988
100	15603
10002	6693
10016	24584
10023	49
10030	84
10037	61354
1004	27097
10051	55831
10058	266
10072	157
10079	6385
10093	26204
10100	4533
10107	53626
1011	104
10114	20850
10121	8918
10128	37149
10149	6604
10163	118
10177	26871
1018	45434
10191	15309
10198	13163
10205	679
10219	37290
10226	25362
10233	1619
1025	30131
10261	16554
10268	17213
10275	15659
10282	22203
10289	78828
10296	1659
10303	8614
10310	748
1032	8249
10331	16950
10338	2155
10345	11684
10352	6667
10359	9490
10373	318
10380	11480
10387	34471
10394	6352
10401	15442
10408	471
10429	6176
10436	1103
10443	11762
10450	94
10457	41278
1046	19768
10464	3798
10478	7669
10485	509
10492	1380
10499	400
10520	17712
10527	25825
1053	4903
10534	3318
10541	97479
10555	68
10576	604
10590	20925
10597	9301
1060	318
10611	31945
10625	2631
10639	7961
10646	25114
10660	743
10674	34682
10688	12554
10695	39434
10723	624
10730	8659
10737	227
1074	10624
10744	1171
10751	1432
10758	1039
10772	11132
10779	8190
10800	16681
1081	2359
10814	13335
10821	2662
10828	10688
10835	34150
10842	24036
10856	14727
10863	179
10870	20960
10877	40236
1088	20375
10891	460
10898	35016
10905	380
10926	98995
10940	9707
10947	28011
1095	8809
10982	3976
10989	25396
10996	7378
11	2712
11003	2611
11010	997
11017	51737
11031	27282
11059	22
11066	2676
11073	725
11080	113
11087	3670
1109	244
11094	11861
11101	291
11122	784
11150	50672
11164	14758
11171	6590
11178	15786
11185	7106
11192	34744
11199	19821
11206	199
11213	12068
11220	1196
11227	40644
1123	45209
11234	37123
11241	31133
11255	2609
11262	4323
11269	38527
11276	312
1130	34527
11304	489
11311	580
11346	57
11353	26572
11360	31296
11367	103
11381	20009
11395	251
114	34137
11402	30040
11416	26641
11423	5771
11430	20483
11437	52851
11444	3178
11451	107
11472	643
11479	2194
11486	116
11493	1467
11500	468
11507	1210
1151	39248
11514	24584
11521	243
11535	27301
11542	12240
11549	76
11556	1468
11570	76
1158	217
11584	83
11591	19283
11598	23207
11605	9280
11612	1513
11619	722
11626	4681
11633	20282
11640	399
11661	372
11675	7770
11682	16033
11689	19975
11696	41791
11717	20133
1172	9703
11724	37645
11745	63915
11752	575
11759	10656
11766	2136
11773	14405
11787	350
1179	95260
11794	22004
11801	18395
11815	1713
11829	5239
11836	1806
11843	49
11850	98
11857	9396
1186	373
11864	14594
11871	47226
11885	282
11892	126
11899	1069
11920	84759
11927	9962
1193	72781
11941	34255
11948	451
11962	9976
11969	68229
11976	14343
1200	34438
12004	58895
12011	14052
12018	18289
12039	1326
12053	18684
12060	10939
12067	13825
12088	13977
12095	4664
121	4569
12123	944
12137	4982
1214	27667
12144	4398
12151	252
12158	40058
12172	2459
12179	4642
12193	30255
12200	20
12207	12499
1221	21738
12214	18204
12221	24562
12242	835
12249	27205
12263	7952
12270	840
12277	8841
1228	37745
12284	5524
12291	2500
12298	240
12312	13968
12319	7017
12326	191
1235	2469
12354	22924
12382	15644
12389	45575
12410	9088
12417	27241
12424	45270
12431	238
12438	1826
12445	19344
12452	302
12466	298
12473	30373
12480	817
1249	38526
12494	21241
12501	53678
12508	3442
12515	21401
12522	18161
12529	35431
12536	10644
12550	383
1256	5843
12571	62
12578	4904
12592	56157
12606	42697
12613	14332
12627	15268
1263	11139
12634	37666
12648	1307
12655	51824
12662	22562
12669	16513
12676	26117
12683	45938
12690	2035
12711	894
12725	21323
12732	4070
12739	136
12760	137
12767	7767
1277	1978
12774	16932
12781	14638
12795	9549
128	1238
12802	309
12823	1388
12830	78
12837	9320
12844	9732
12858	3160
12865	7699
12872	13794
12886	49888
12893	3708
12900	26110
12907	27
12921	33294
12935	54047
12942	21
12956	4033
12963	46965
12970	11365
12977	11143
1298	17981
12984	60585
12991	12186
12998	7950
13005	7782
13019	36816
13040	34360
13047	21038
1305	7211
13089	16067
13103	227
13110	134
13117	431
13124	9672
13138	84523
13159	8617
13173	17521
13180	513
13187	21511
1319	567
13194	3112
13201	2474
13208	3695
13215	24477
13222	122
13229	16731
13236	14928
13243	14960
13250	18821
13257	4223
1326	45492
13271	134
13278	6466
13285	24840
13299	7719
13306	23687
13313	8723
13327	47819
1333	116
13355	223
13362	1177
13369	255
13376	304
13383	274
13390	454
1340	577
13418	12580
13432	3344
13446	12322
13453	1055
13460	59780
13474	30
13481	12132
135	3887
13502	7956
13516	36
13537	25272
1354	47375
13544	204
13551	4296
13558	31
13586	33
13593	5623
13600	15960
1361	28146
13614	12305
13621	18570
13635	4550
13642	14079
13649	36684
13663	4369
13670	39201
13691	13748
13705	47675
13712	35211
13719	45667
13747	8974
13754	5070
13761	211
13768	23311
13775	602
13782	17423
13789	435
13810	29916
13817	11777
1382	43575
13831	26617
13838	37
13852	24
13859	23367
13866	186
13887	5846
1389	8641
13894	4537
13901	19544
13908	36643
13922	9642
13929	25577
13943	950
13950	369
13964	59
13971	44
13978	5224
13999	15119
14006	2912
14020	1563
14027	1484
14048	38114
14055	22982
14069	15807
14076	10812
14090	211
14097	45
1410	7701
14118	46837
14125	14474
14132	49
14139	29
14146	18276
14153	15632
14160	14020
14167	3448
1417	6579
14174	42070
14181	12940
14188	870
142	40100
14216	20144
14223	3724
14230	8896
14237	269
1424	2501
14244	2299
14258	88
14272	8161
14279	3576
14286	17234
14293	34687
14307	338
1431	57
14314	168
14328	342
14335	11461
14356	7397
14377	23570
1438	13744
14405	22425
14412	101
14426	22087
14433	98974
14447	670
1445	53389
14454	20868
14461	181
14468	4866
14475	35388
14496	65799
14503	10135
14510	13674
14517	9607
14552	1577
14559	56
14566	105
14573	16866
14580	2313
1459	72666
14594	22295
14601	6276
14608	253
14615	2828
14622	12232
14636	15862
14643	591
14650	4321
14657	27697
1466	22880
14664	50
14671	656
14678	17460
14685	22664
14692	7921
14699	14457
14713	351
14720	1180
14727	5326
1473	7227
14734	1791
14755	1539
14769	18041
14776	49193
14783	300
14790	13393
14797	4920
14804	10161
14846	3515
14853	371
14867	428
14874	5352
14881	14059
14888	39
14895	10482
149	133
14909	26204
14916	4593
14923	4774
14930	109
1494	34
14944	10198
14965	552
14972	7952
14979	8597
14986	1506
1501	20045
15014	395
15021	28331
15028	106
15042	2581
15049	23811
15056	30049
15063	22723
15070	3332
15084	9958
15091	96383
15098	105
15105	181
15112	4682
15119	25524
15126	4034
15133	107594
15147	74849
15154	10592
15168	3693
15182	680
15189	36829
15196	6857
15203	2587
15210	178
1522	42885
15224	5467
15231	1726
15238	187
15259	47263
15266	7446
15273	58523
15287	26270
1529	52643
15294	4302
15301	12570
15308	29186
15315	7613
15322	9005
15329	48107
15350	605
1536	91
15364	14176
15371	25877
15378	34445
15413	2026
15420	105
15427	41224
15434	26126
15469	7028
15490	38
15497	4124
1550	71
15518	2235
15525	19792
15532	6828
15539	215
15546	190
15567	7653
1557	103
15602	642
15616	1277
15623	8117
15630	9977
15637	19171
15658	28913
15672	23364
15679	23252
15693	9824
15700	8077
15714	11787
15728	4856
15735	321
15756	892
15770	71
15777	157554
1578	11927
15784	20268
15791	46230
15798	22884
15805	25469
15812	17249
15819	54422
15826	727
15847	19956
15854	22476
15861	35430
15875	21869
15889	38201
15896	20812
15903	13850
15910	7953
15917	4608
1592	14322
15924	185
15938	12087
15945	25082
15959	1097
15966	22206
15973	1203
15980	214
1599	19
16001	127
16015	44
16022	9650
16029	35800
16043	6931
1606	15914
16064	2328
16071	576
16078	28961
16085	13925
16092	71
16099	22974
16106	7396
16113	10335
16120	291
16127	29851
1613	4643
16134	25
16148	49509
16155	1833
16162	10051
16169	1030
16176	4275
16183	2866
16197	7888
1620	22712
16204	356
16218	9116
16246	5121
16253	6648
16260	7593
16281	60
16288	41232
16295	9501
163	12876
16323	60065
16330	4443
1634	1014
16344	15606
16358	281
16365	17453
16372	1204
16386	18146
16393	14207
16400	1206
16407	22725
16414	11543
16421	6313
16428	7643
16442	27058
16449	6620
16463	1005
16470	388
16477	29408
1648	4164
16484	1267
16491	568
16498	8943
16505	28446
16519	1255
16533	1059
16540	734
1655	326
16561	7427
16568	264
16575	1427
16582	5174
16589	42
16603	7510
16610	77
1662	8913
16631	71
16638	23360
16645	30705
16659	69
16673	41
16687	2630
1669	54663
16701	16666
16708	316
16729	5129
16743	15792
16757	7811
1676	29651
16764	23463
16799	73
16806	12481
16813	424
16848	1369
16855	184
16862	12646
16869	98
16876	13614
16897	21498
1690	34170
16904	7419
16932	130
16939	15288
16953	92
16960	28551
16981	78569
16988	814
170	7105
17002	17867
17016	16944
17023	2236
17037	3485
1704	60
17058	1105
17072	3042
17079	16224
17093	4205
17107	3991
1711	5393
17121	2137
17142	2955
17149	19
17156	2581
17163	10049
1718	45207
17184	28749
17212	18563
17219	13856
17233	22925
1725	73998
17254	1136
17261	64
17275	233
17282	206
17289	879
17296	6260
17303	3714
17324	52217
17338	3193
17345	4387
17359	23082
17366	8412
17373	42119
1739	30637
17394	9943
17401	772
17415	83156
17436	197
17443	251
17450	102
17457	4373
17464	34144
17478	10727
17485	17976
17492	12522
17499	13476
17506	51000
17513	22127
17527	78
1753	47933
17548	33195
17562	3618
17576	447
17583	90
17590	34322
17597	43943
1760	8069
17604	65376
17611	51
17639	5183
17653	10600
17660	21
17667	47591
17674	20519
17688	337
17695	2277
177	31168
17702	38452
17709	118
17716	8172
17723	2070
17730	27504
1774	20897
17751	19835
17758	18590
17772	2472
17779	8773
17800	24107
17828	23576
17835	7303
17842	12455
17856	142
17870	77
17877	6467
17884	271
17898	435
17905	4538
17926	32
17947	5536
1795	3420
17954	26360
17961	18041
17968	19745
17989	37661
17996	41227
18	2874
18010	5297
1802	64
18024	6784
18031	2285
18038	235
18045	1956
18052	5683
18073	3306
18080	13832
18087	23806
1809	44499
18094	1489
18101	14769
18108	3373
18115	1670
18122	9977
18143	4825
18150	62
1816	296
18164	27684
18171	5502
18185	23548
18199	72
18206	13546
1823	3659
18255	16171
18269	605
18276	2937
18283	13512
18290	7447
18297	7970
18304	59
18311	6174
18318	16135
18332	258
18339	8526
18346	2152
18353	658
18360	41
18367	18473
1837	29499
18374	43997
18395	14556
184	24825
18416	26596
18430	37
18444	20167
18451	238
18458	12170
18465	1983
18472	69
18479	978
18486	13091
18507	8955
1851	11898
18514	263
18521	50384
18528	1337
18535	82364
18556	30
18577	509
18598	18246
18605	54595
18612	277
18619	26330
18626	50353
18647	5160
1865	61772
18661	33385
18675	492
18682	298
18689	24158
18703	236
18710	26463
18731	35226
18752	9423
18759	26382
18773	12079
18780	1191
1879	6343
18794	224
18801	3940
18836	20080
18857	477
1886	50252
18864	82
18878	105
18885	2222
18892	3371
18899	142
18913	36978
18920	14296
18927	30152
18934	27872
18948	623
18955	22035
18983	18231
18990	17979
18997	1240
19004	17895
19018	5301
19025	33510
19039	6201
19046	11458
19053	3922
19060	914
19067	185
19074	7449
19081	21956
19088	587
191	30535
19102	4822
19109	12212
19123	9396
19137	13602
1914	87667
19158	8023
19165	61913
19172	563
19186	2434
19193	115
19200	35274
19228	546
19235	18857
19249	18974
19270	402
19277	20956
19284	98
19291	19389
19298	5085
19305	28771
19312	8683
19326	103
19333	169
19340	1928
19347	4207
1935	4671
19354	62
19417	8830
1942	13067
19424	10473
19431	206
19438	737
19452	9292
19459	3102
19473	4555
19487	2030
1949	17782
19494	574
19515	32656
19536	16720
19550	15816
19557	59643
19564	425
19571	289
19592	4797
19599	15807
19613	14343
19620	45904
1963	11664
19641	56266
19648	79
19655	21130
19669	2807
19676	891
19690	21210
19697	177600
1970	2241
19704	33
19718	15915
19725	15290
19753	19256
19760	3670
19767	292
1977	268
19788	58788
19795	1670
198	32605
19809	22747
19830	13730
19837	24318
1984	5007
19851	38766
19858	16849
19893	12803
1991	258
19914	1807
19942	547
19949	65
19956	381
19977	2702
1998	110
19984	19980
19991	7099
19998	12527
20012	2661
20019	10597
20026	1462
20033	65
20040	6653
20047	23654
20054	4826
20075	20861
20082	40998
20089	244
20096	6270
20103	22601
20117	27340
2012	10029
20138	15343
20145	851
20152	1806
20159	11079
20187	22212
2019	13662
20208	24584
20215	14092
20222	50
20229	95
20243	742
20250	53472
20271	6178
20278	24553
20285	16420
20292	21624
20299	84
20306	138
20320	21150
20327	48918
2033	3639
20334	8610
20341	24065
20355	18510
20362	6029
20383	6138
2040	8732
20404	7645
20418	21570
20432	30273
20453	1386
20460	330
20467	6127
2047	4945
20474	8195
20481	14929
20495	31471
205	9037
20523	56969
20530	3722
20537	18939
20558	49976
20586	19825
20593	16810
20635	939
20649	2875
20656	14505
20663	39857
2068	11651
20712	280
20719	4645
20733	18514
20740	44753
2075	27825
20761	46245
20782	30671
20789	3866
20796	1678
20817	10377
2082	131524
20824	5694
20831	11006
20845	22979
20859	790
20873	9935
20880	14044
20894	17639
20901	61076
20908	9596
20922	5388
20943	9229
20978	15660
20985	30
20992	34
21006	32
21013	6380
2103	2892
21069	5372
21090	4660
21097	19183
21104	11255
21111	2974
21118	464
21125	2335
21139	23005
21146	26140
2117	32753
21181	1862
21188	13477
21202	68
21209	277
21216	1308
21223	32067
2124	10721
21244	11827
21286	18728
21293	4141
21300	20447
21307	650
2131	14854
21314	352
21321	153
21328	12860
21335	41590
21363	89
2138	1033
21391	295
21398	62
21419	25119
21433	15661
21440	27736
21447	27123
2145	627
21454	1064
21461	12100
21468	25054
21489	10808
21496	7116
21503	34536
21510	18432
21517	24531
2152	1665
21524	30983
21531	13427
21552	9710
21559	3619
21566	114
21573	29184
21580	316
21587	19310
2159	11633
21601	21922
21608	33
21622	4156
21643	247
21650	2325
21657	699
2166	507
21678	21037
21685	25775
21699	12109
21727	17571
2173	20136
21748	707
21755	36163
21762	10995
21776	1807
21783	5477
21790	1902
2180	259
21818	32898
21825	12644
21846	20877
21860	233
2187	40
21874	14317
21881	537
21888	16549
21895	68
219	3292
21902	4295
21909	5994
21916	1260
21923	20830
21930	302
2194	7376
21951	7977
21958	6365
21986	9490
21993	2779
22000	18294
22007	16135
2201	58
22021	189
22028	35497
22042	412
22049	13894
22063	17623
22070	7781
2208	48898
22084	19047
22091	18159
22098	163
22105	10170
22119	24337
22126	21017
22140	19481
2215	17468
22175	1979
22203	18241
22210	651
22217	26591
22231	135
22245	15296
22252	14260
22266	551
22280	1577
22287	40434
2229	80458
22294	27628
22301	8983
22315	190
22336	1820
22350	796
22357	8430
2236	12106
22364	13960
22371	8412
22385	1292
22399	30689
22406	24431
22413	30564
22420	216
2243	16788
22434	25430
22441	15209
22448	15947
22455	270
22469	11123
22476	13839
22490	13309
22497	1071
2250	379
22504	578
22511	3862
22525	394
22532	1646
22539	9569
22546	5394
22553	498
22560	750
2257	356
22574	12779
22581	12400
22602	39284
2264	20180
22644	22204
22651	18712
22672	6133
22679	593
22700	15394
22707	7378
2271	15743
22721	26444
22735	57009
22742	29715
22749	37753
22756	334
22763	72
22777	1544
2278	35341
22791	1006
22798	14200
22805	5181
22812	1748
22819	428
22833	5987
2285	140318
22868	1225
22882	2471
22896	9590
22910	37118
2292	866
22966	1326
22980	130
2299	12313
22994	5270
23015	7069
23029	52239
23043	2748
2306	45269
23064	648
23078	28691
23085	24592
23092	4677
23120	291
2313	12052
23134	33556
23141	75
23148	429
23155	1052
23169	13661
23183	3540
23190	198
23197	319
2320	3722
23211	44
23232	148
23239	125
23246	28842
23260	10028
23267	30261
2327	549
23274	18
23281	21247
23295	1692
233	1458
23302	3915
23316	184
23323	14663
23330	4049
23337	292
2334	30349
23351	3187
23365	65
23379	769
23386	228
23400	52381
2341	27032
23414	20018
23421	12562
23435	7611
23442	10216
23449	9745
23463	63066
23477	4556
2348	8438
23484	20158
23498	2800
23512	26346
23526	127
23540	15621
23547	868
2355	47588
23554	805
23596	22676
23603	56760
23617	269
2362	419
23652	166
23659	3671
23666	31887
23673	3637
23680	6849
23687	41695
23722	3127
23750	158
23757	4207
2376	60583
23771	2136
23778	30251
23799	16327
23806	8774
23820	167
2383	12215
23848	139
23855	17622
23862	6073
23869	17132
2390	33248
23904	4767
23911	1397
23925	14834
23939	1901
23960	20618
2397	1167
23974	96
23981	18652
23995	6756
240	8495
24009	30222
24016	34025
24023	817
24044	32172
24051	536
24065	14476
24079	244
24086	17153
24093	1469
24100	8428
2411	1086
24114	8014
24121	387
24135	3060
24163	13284
24170	13461
24191	170
24198	471
24205	4162
24219	1941
24247	3585
2425	3564
24275	5102
24296	172
24303	19059
2432	5067
24331	17001
24338	17804
24359	5559
24373	159
24380	33893
2439	54534
24401	162
24415	30239
24422	8971
24436	38886
24450	1144
24457	51791
2446	77284
24471	5177
24478	1718
24485	17265
24506	17403
24534	21718
24555	95
24562	33229
24569	223
24576	17854
24597	3429
2460	107
24604	32188
24611	17364
24618	37
24625	12974
24639	4158
24646	11737
24653	46936
24660	102
24667	23525
2467	45066
24674	1119
24681	4324
24695	238
247	34552
24709	2937
24730	24950
24765	92135
24772	42
24793	30808
24800	6487
24807	23408
2481	28225
24828	80
24835	142
24849	5845
24877	12290
24891	708
24912	68
24919	136
24933	2249
24940	2377
24947	149
2495	2407
24989	27319
25	7409
25010	9426
25024	7634
25038	1785
25045	649
25052	10850
25059	20993
25087	2833
2509	25413
25094	22874
25108	33
25129	3690
25143	1871
25150	18252
25157	19756
2516	14789
25164	106
25178	30
25206	356
25227	2011
25241	32505
25262	11332
25269	61494
25276	11501
25283	17763
25290	13707
25311	7591
25346	10458
25353	274
254	11343
25402	865
25423	17578
2544	49
25451	11264
25507	31366
2551	224
25514	27175
25535	51442
25563	467
25570	118
25584	197
25612	28804
25619	50767
25647	1539
2565	1771
25661	23743
25668	11042
25675	11202
25682	20952
25689	4974
25703	25618
25710	71611
2572	48
25731	1223
25773	7836
25780	9893
2579	36503
25794	8480
25815	525
25836	144
25850	7843
25878	20626
25885	1564
2593	1587
2600	26371
261	501
2614	7679
2621	30129
2628	9079
2642	9269
2649	16124
2656	8628
2670	2328
268	2820
2684	33426
2691	263
2698	46759
2712	26002
2719	15357
2733	537
2740	18547
2747	1524
275	3583
2754	105
2761	3563
2768	15473
2775	11629
2782	51059
2789	542
2796	16992
2810	43853
2817	13394
282	12564
2824	211
2831	969
2845	20171
2852	17308
2859	10820
2866	2419
2873	479
2880	22585
289	15827
2901	99217
2908	388
2922	42381
2929	6574
2936	28476
2943	6304
2950	17467
2957	104
296	862
2964	9655
2971	13968
2978	242
2985	13109
2992	364
2999	13909
3013	44105
3027	599
303	2054
3041	105
3048	15715
3055	200
3062	4504
3069	60188
3076	6568
3083	16130
3090	4866
3097	14130
310	64180
3104	45063
3111	438
3118	13006
3125	107
3132	121
3139	15251
3146	1133
3153	463
3160	82595
3167	35876
317	93
3174	12009
3195	74
32	2698
3202	17013
3209	23956
3223	109
3230	11991
3237	10045
324	35102
3244	1886
3251	25
3258	1522
3265	798
3279	50537
3300	20136
3307	295
3335	43823
3342	108
3356	37492
3363	87066
3370	42501
3377	143
338	34220
3384	2374
3391	26611
3398	8017
3405	29865
3412	598
3419	112
3426	807
3433	58147
3440	1278
3447	18194
3454	8036
3482	547
3489	168
3496	61765
3503	25190
3510	1204
3517	25598
352	35792
3531	3894
3545	8664
3552	102
3559	10087
3566	37380
3573	1637
3587	90951
359	8370
3601	56
3608	191
3622	17827
3629	25686
3643	12696
3650	6740
3657	25977
366	10095
3664	3380
3671	10271
3678	54
3685	17371
3692	1196
3706	13094
3713	11039
3720	150
3727	43
373	173
3734	21913
3741	1874
3783	87758
3797	12892
3804	17542
3811	10512
3818	26002
3825	8861
3832	14880
3846	23737
3860	873
3874	21190
3881	38436
3888	18376
3895	11206
39	342
3902	5967
3909	2970
3916	5967
3923	5735
3930	7717
3937	32756
394	37224
3944	398
3958	41
3972	1005
3986	5139
3993	16639
4000	14087
4007	51089
4021	51932
4028	27747
4035	64883
4042	20596
4056	18201
4063	23038
4077	475
408	31036
4084	17731
4091	444
4098	15404
4105	4849
4119	196
4126	37874
4133	10039
415	22555
4154	53877
4161	22780
4168	11224
4175	1879
4189	43605
4217	47267
422	166
4224	60733
4231	12606
4238	13579
4245	24129
4252	48948
4266	6465
4280	995
4287	37509
4294	41459
4301	23644
4308	342
4315	4352
4322	2907
4329	12776
4336	37437
4343	2079
4357	126
436	1986
4371	2418
4378	44665
4385	40916
4399	6177
4420	31106
4427	9376
443	32566
4434	2437
4441	16675
4455	168
4476	17633
4483	127
4490	2785
4497	69
450	15014
4504	36387
4511	8411
4518	19638
4525	59
4532	68317
4539	55389
4546	19845
457	29297
4574	51
4595	9171
46	108
4602	280
4609	6932
4616	10534
4623	19150
4630	40758
464	5442
4658	10660
4665	23518
4672	15497
4679	23080
4686	34896
4693	32274
4700	221
471	12661
4721	3391
4728	41271
4735	330
4777	3025
478	30560
4798	4779
4805	700
4812	26499
4826	150
4833	431
4840	6391
4847	17454
485	610
4854	1083
4861	9827
4868	59822
4875	73084
4882	275
4889	10029
4896	5972
4903	25970
492	77
4924	70378
4931	33638
4945	1218
4952	8746
4966	5685
4973	19892
4980	13662
4987	35232
4994	15764
5001	269
5008	10630
5043	8306
5050	50631
5057	11336
506	15169
5064	11292
5071	70300
5078	8843
5085	47090
5092	479
5106	338
5113	8195
5120	6441
5127	1990
513	54
5134	6559
5141	20108
5148	51419
5155	246
5162	42
5176	54517
5183	3480
5197	210
520	10171
5204	4191
5218	5150
5225	10402
5239	9598
5246	25601
5260	48546
5267	83753
527	38593
5274	5365
5288	1437
53	20527
5302	1866
5316	1073
5323	8061
5344	52
5351	9282
5365	60838
5372	13064
5379	3127
5386	19963
5393	8699
5400	17934
5407	13668
541	52229
5414	49785
5442	8256
5456	15053
5463	61923
5484	18761
5491	23683
5498	23488
5505	24478
5512	16976
5519	34
5526	48388
5540	6544
5547	110
555	66524
5554	18196
5582	11494
5589	5429
5603	49972
5610	4402
562	18689
5624	55057
5631	23012
5645	22496
5659	5073
5666	23865
5673	17275
5680	3549
569	32305
5701	28361
5708	22
5729	3416
5736	25640
5743	185
5750	4446
576	13831
5771	315
5778	43300
5785	10924
5792	1171
5799	19428
5806	1074
5813	15985
583	1406
5834	16071
5841	14214
5848	84371
5855	1123
5862	20463
5869	33833
5876	13756
5883	7753
5897	44
5904	22485
5911	31351
5918	83960
5925	289
5932	1029
5946	18010
5960	8021
597	13400
5974	8261
5981	19256
5988	1223
5995	51
60	8805
6002	36168
6009	29547
6030	32561
6037	95809
6044	27
6058	160
6065	3420
6079	178
6086	334
6093	18969
6107	2356
611	70558
6121	16061
6135	9631
6170	15951
6177	13546
618	7090
6191	8764
6198	8173
6212	25526
6219	60698
6226	11098
6233	46170
6240	628
625	36144
6254	9450
6261	52140
6275	7873
6282	18075
6289	60
6303	372
632	18066
6324	38
6331	13196
6338	3201
6345	22513
6359	3829
6366	389
6373	12121
6380	34722
6387	4827
639	4416
6394	1196
6401	5808
6408	40414
6415	23468
6422	2142
6436	3371
6443	586
6450	7674
6457	20742
646	33756
6464	10352
6471	23986
6485	55095
6492	14097
6513	20
6520	26928
6527	65975
6534	19518
6541	33502
6548	86
6555	585
6562	7581
6569	1725
6576	25373
6590	19873
660	28018
6604	37741
6611	11579
6618	19940
6639	3465
6646	34386
6653	18312
6667	6831
667	95395
6674	26144
6681	157
6695	819
67	9598
6702	4713
6709	7134
6730	14913
6737	632
6744	44157
6751	3852
6758	806
6765	26480
6772	4187
6800	58458
681	17091
6814	126
6821	4538
6828	2454
6863	58
6870	481
6877	12939
688	961
6891	12047
6898	28083
6926	11537
6940	5654
695	27349
6961	994
6968	3484
6975	23950
6982	34201
6989	25321
7	1024
7003	35069
702	7857
7024	15949
7031	29667
7038	97
7045	47180
7052	3456
7059	132
7066	79047
7073	900
7080	41756
709	38
7094	20861
7101	28400
7115	4406
7122	212
7129	35286
7136	15508
7143	7278
7150	7729
7157	14635
716	226
7164	69485
7192	28163
7213	7803
7220	6349
7227	15928
723	12150
7234	67852
7241	13282
7255	5998
7269	629
7283	11825
7290	32955
730	1407
7311	1464
7318	1313
7325	4696
7339	66
7346	219
7360	687
7367	21755
737	15009
7374	25468
7381	988
7388	62662
7395	31653
74	12750
7402	68493
7409	340
7416	88597
7423	40187
7437	537
7444	5884
7451	3296
7458	21756
7465	20011
7472	21839
7479	5906
7500	818
7507	9956
751	10214
7514	235
7528	212
7542	23976
7549	2244
7563	4161
7577	10892
7584	27288
7605	761
7619	11306
7626	131014
7633	2528
7647	34714
765	20117
7654	18712
7661	44227
7675	18815
7689	19064
7696	8066
7703	12299
7710	31186
7717	11650
7724	15761
7731	68
7738	589
7745	13035
7759	18481
7780	1858
779	50
7794	11894
7801	12362
7815	11898
7829	10086
7836	4625
7843	1248
7850	13146
7857	2462
786	25921
7878	1584
7885	25030
7892	1775
7899	515
7906	152
7913	43294
7920	336
793	22530
7934	12681
7941	32297
7948	11768
7955	27200
7962	56120
7969	690
7976	15190
7983	2596
7997	53
8011	3914
8018	35952
8025	2496
8053	22244
8067	20665
807	198
8074	31066
8081	20932
8088	17223
81	16466
8116	120043
8123	9426
8130	31225
814	610
8144	14923
8179	2969
8186	2920
8193	518
8200	166
8207	560
8214	4749
8221	256
8235	10117
8242	27277
8249	19827
8256	501
8263	13441
828	7585
8291	880
8305	17277
8312	72
8319	1899
8333	186
8347	30267
8354	11
8361	13589
8368	54
8375	6039
8389	11363
8396	8867
8403	17347
8410	13775
8417	1299
842	27224
8424	523
8431	34235
8445	30133
8452	1298
8466	30120
8473	21065
8480	54596
8487	2185
849	27125
8494	186
8501	47683
8508	46907
8515	18674
8522	303
8529	5455
8536	584
8557	20361
8585	3765
8606	6610
8613	67509
8620	17520
8627	1074
8641	474
8648	190
8655	2527
8669	12996
870	38092
8711	468
8718	4691
8732	888
8739	20922
8746	28561
8767	12402
8795	77
88	387
8809	35020
8816	95
8830	216
8851	16857
8858	15984
8872	23590
8879	476
8900	7151
891	3060
8914	65
8921	7690
8928	31
8942	1199
8949	5274
8956	8577
8970	72
898	19656
8984	725
8991	24826
9005	40
9012	8602
9026	1963
9033	12213
9040	331
905	32029
9054	62699
9061	12925
9068	22832
9075	1169
9089	11466
9096	4565
9117	13315
9131	138
9152	56
9159	69
9166	1069
9173	10314
9180	18200
919	14217
9194	768
9201	188
9208	102053
9215	14905
9222	47249
9229	55210
9236	25971
9243	11280
9250	25855
9257	1100
9271	18181
9285	11723
9292	8140
9306	3134
9313	6607
9320	5834
9327	19125
933	77
9334	65748
9341	228
9348	100
9355	15644
9362	5813
9376	17990
9383	29
9390	15568
940	10217
9404	2542
9411	26660
9439	31015
9460	31023
9467	29198
947	582
9481	50977
9488	25430
9502	40334
9509	41906
9516	4709
9523	32771
9530	37561
9537	8056
954	36368
9544	140
9551	29141
9558	317
9565	23
9572	2835
9579	3381
9586	12690
9593	19959
9607	24057
961	23212
9621	15599
9628	227
9635	9566
9656	4485
9663	28495
9670	2404
9677	733
968	28394
9691	9184
9712	18753
9733	25807
9740	9219
975	23196
9761	12616
9768	4527
9775	4432
9782	1007
9789	17970
9803	1410
9810	104
9817	28990
982	8256
9824	18587
9831	111
9838	34603
9845	5298
9852	45080
9859	20077
9873	1951
9880	25280
9887	285
989	93788
9901	10664
9950	16103
996	83023
9964	69161
9978	12592
9985	1112
