1	13671
10003	21551
10010	83
10017	490
10031	139
10045	13001
1005	19638
10094	3665
101	13430
10108	11834
10115	84
1012	43874
10122	12647
10129	42683
10143	28593
10150	16752
10157	565
10164	961
10185	6805
1019	9309
10192	27428
10206	567
10241	4277
10248	17657
10255	9453
1026	18668
10262	15819
10269	23221
10276	7724
10283	15468
10290	64303
10297	1381
10304	178
10311	14139
10318	12800
1033	506
10332	47409
10339	208
10374	7704
10381	8692
1040	7309
10409	53189
10423	19602
10451	10235
10458	1163
10465	39195
1047	54059
10472	973
10479	1248
10486	11778
10493	135
10528	18961
10535	435
1054	11477
10556	24868
10563	11613
10570	282
10577	5997
10584	14976
10591	26013
10598	593
10612	4159
10619	41143
10647	1077
10654	74669
10661	11689
10675	20300
1068	7931
10682	22421
10717	320
10731	197
10738	25751
1075	11082
10752	515
10766	12101
10773	360
10780	17436
10787	3926
10794	549
108	5906
10801	3103
10815	15564
1082	243
10822	37827
10836	1435
10843	9395
10850	19244
10857	563
10864	34
10871	743
10878	33
10885	18730
10892	1672
10906	9141
10913	18268
10934	27
10941	3365
10948	6294
10955	54715
10962	81
10983	125
11018	85189
1103	280
11039	11291
11053	57393
11067	9508
11074	75
11081	9942
11088	1638
11095	78016
1110	3264
11102	15997
11109	14831
11144	3535
11151	22118
1117	22395
11172	29994
11186	9339
11207	6345
11214	3615
11228	58423
1124	3274
11242	12812
11249	33236
11263	17383
11277	4641
11284	709
11298	19772
11305	446
11312	6448
11326	53065
11333	33320
11347	438
11368	8489
1138	7687
11382	3262
11396	27677
11403	1863
11410	3062
11417	22908
11431	48
11438	5913
11445	351
1145	49235
11459	30156
11466	32156
11487	8958
11494	17042
115	3326
11501	6839
11508	27041
1152	9123
11522	25794
11529	835
11536	23598
11550	18666
11564	17287
11571	10022
11578	922
11585	19829
1159	27258
11592	29996
11599	5818
11606	1148
11634	7969
11641	47104
1166	8292
11662	90
11669	837
11676	35004
11683	14403
11690	13792
11697	67
11704	167
11718	12125
11725	28098
1173	13305
11732	15210
11739	2999
11760	10742
11774	21555
11795	2121
1180	10645
11809	13933
11816	22902
11823	92
11837	787
11851	6016
11858	33835
11865	15273
11879	8313
11886	25885
11900	16031
11907	12423
11914	5780
11935	382
1194	5030
11949	510
11956	5519
11963	13115
11970	23161
11984	8032
11991	6815
11998	5196
12005	50674
1201	829
12012	28106
12019	52839
12033	7151
12040	22485
12054	11718
12061	49
1208	3764
12082	32028
12089	4666
12103	204
12110	91
12117	31231
12124	14143
12145	25659
1215	69794
12159	18329
12166	1778
12173	49929
12194	161159
122	36604
12208	279
12215	10476
1222	22707
12222	47976
12229	202
12236	17895
12250	4894
12257	51
12271	17473
12278	480
12285	26408
1229	1349
12292	25890
12320	226
12327	471
12341	17224
12348	1046
12355	66
12376	1158
12383	2875
12390	2945
12397	111
12404	41269
12418	335
12432	3796
12439	5583
12446	25669
12460	13175
12467	26726
12481	24838
12488	136
12495	304
12502	29846
12516	16381
12523	1228
12530	5292
12544	29809
12579	26062
12586	4592
12600	19235
12607	238
12621	1297
12628	5919
12635	1441
1264	9586
12642	2719
12649	16552
12670	20307
12677	31168
12691	13
12705	3904
1271	443
12726	9829
12733	280
12747	35712
12754	4778
12761	24394
12768	17360
12775	990
1278	447
12789	16101
12796	62332
12803	14987
12817	50350
12866	12142
12880	72
12887	45145
12894	30217
129	22154
12908	32074
1292	28501
12922	33
12936	36310
12950	7335
12957	366
1299	40096
12992	20009
12999	3262
13006	22758
13048	46241
13062	24705
13076	812
13090	8259
13097	167
13104	54
13111	47592
13125	76
1313	38192
13132	42
13139	11603
13174	967
13181	52
13188	460
1320	8374
13202	3906
13223	47468
13237	12980
13244	3267
13251	80
13279	191
13286	13779
13300	211
13307	66782
13321	77
13328	26935
13335	150
1334	6365
13342	6050
13349	37827
13356	47489
13363	56714
13370	46973
13405	6353
13412	21855
13419	922
13426	1388
13433	13091
13440	69698
13447	232
13454	15276
13461	18535
13475	14897
13489	1680
13496	9277
13510	2404
13517	1418
13524	37022
13531	69
13538	1128
13545	8012
1355	16631
13559	10755
13566	17355
13573	37948
13580	2512
13587	3156
13594	18415
13601	274
13615	5544
1362	209
13622	1874
13629	21869
13643	5982
13657	3070
13664	106
13678	21103
13685	570
13692	19740
13734	1339
13741	14905
13748	16895
13755	34759
1376	25111
13769	6959
13776	33228
13783	30789
13790	2215
13797	133
13804	55581
13811	58
13818	5932
13825	2488
1383	214
13832	576
13839	28481
13846	3570
13853	22371
13860	15509
13874	13549
1390	29643
13902	40
13909	1706
13916	12544
13937	2763
13944	270
13965	639
1397	19775
13972	27973
13979	3246
13986	29140
13993	7733
14000	2159
14014	5937
14021	5496
14028	1257
1404	55166
14042	25140
14056	33446
14063	48436
14070	2665
14077	876
14084	2115
14091	10304
14098	40277
14105	16930
1411	69
14119	350
14133	23724
14140	15793
14147	51652
14168	391
1418	5352
14189	2736
14196	66267
14203	7084
14210	14862
14217	963
14231	97
14238	67
14245	41400
14287	12405
14294	25145
143	13307
14301	4899
14308	33700
14315	4533
14322	7483
14329	7491
14336	123
14343	33728
14350	5186
14364	10821
14371	9235
14378	4748
14385	23452
1439	2891
14392	2842
14406	1064
14420	2369
14427	26188
14448	25692
14455	387
14469	6942
14504	7706
14518	26383
1453	11671
14546	28989
14560	9259
14574	38606
14588	56128
14595	2226
1460	571
14602	1477
14623	51860
14637	74500
14644	21036
14651	7301
14665	24684
1467	11242
14672	37450
14679	10297
14693	4032
14700	17444
14714	8290
14728	8586
1474	43722
14742	15612
14749	75
14763	4634
14770	6374
14777	15591
14784	394
14798	9371
14805	455
1481	2241
14819	35787
14826	25685
14833	34468
14840	3015
14854	25562
14868	1333
1488	25477
14896	6224
14903	19390
14910	9005
14917	14265
14938	5582
1495	1480
14959	52
14980	2088
14994	14556
150	16195
15001	487
15008	104745
1502	701
15022	9188
15043	398
15050	44135
15057	16091
15064	59048
15071	21055
15078	23410
15085	11476
1509	108
15092	72
15099	2230
15106	1324
15113	153
15120	36432
15127	44
15134	885
15141	28219
15155	116720
1516	41743
15162	29600
15176	1092
15197	84790
15218	10780
1523	6942
15239	34
15253	45151
15267	6364
15274	32342
15281	5846
15288	182
15295	7647
1530	61599
15309	836
15316	30026
15330	91
15337	23
15365	14591
1537	117956
15379	8714
15386	1826
15393	80
15400	892
15407	9795
15414	925
15428	25136
1544	13635
15449	16351
15484	77232
15491	21995
15498	7503
15505	5184
1551	23492
15512	8743
15519	628
15526	20134
15540	86
15547	27799
15561	1071
15568	2855
15575	541
15582	28266
15589	64188
15596	5032
15603	29319
15610	444
15617	5800
15638	8136
1565	6867
15652	2207
15659	195
15666	65597
15673	40384
157	1851
1572	1469
15722	66
15729	5136
15743	32609
15757	275
15764	38422
15785	13219
1579	1725
15792	24731
15806	6436
15813	125
15855	10560
15862	115
15869	1099
15876	10109
15883	46114
15890	8873
15897	570
15904	1180
15911	14463
15925	19046
15981	1054
15988	1065
16002	52860
16009	201
16030	40730
16037	18845
16044	7241
16051	263
16065	1526
1607	28864
16072	35575
16079	11769
16086	15174
16093	11686
16107	102
16114	28548
16121	5200
1614	49563
16149	7316
16156	1965
16163	10945
16177	522
16191	29
16226	1098
16240	73854
16254	19607
16261	16709
16268	14171
16275	191
16282	20962
16296	2503
16303	483
16317	10360
16324	11231
16331	345
16338	8557
16345	9552
1635	14706
16352	153
16359	164
16373	12181
164	13331
16401	10277
16408	7623
16415	3827
1642	53
16422	1209
16436	177
16443	31286
16450	9734
16457	19671
16464	156
16478	58
16485	579
1649	46
16492	43586
16499	26642
16527	33681
16534	35073
16541	52009
16548	6223
16555	2734
1656	161
16569	38
16576	22861
16583	6822
16590	18456
16597	151
16604	1130
16611	1313
16625	9127
16639	2770
16653	16218
16681	11512
16688	2753
16709	8708
16730	631
16744	45875
16751	44844
16758	18548
16765	90
1677	65336
16779	21346
16786	89
16793	27350
16800	2959
16807	3654
16821	30814
16828	10244
1684	9020
16842	6362
16849	34367
16856	4597
16870	4046
16877	339
16884	8970
16891	484
16898	8243
16905	48307
1691	22138
16919	32245
16933	18544
16940	2700
16947	9420
16954	10388
16982	2093
17010	19367
17017	5401
17024	9393
17045	46164
1705	29951
17059	3235
17066	24628
17073	38734
17080	2155
17087	247
17101	2407
17108	39945
17115	55491
17129	27547
17136	628
17143	5878
17150	17573
17157	20179
17171	7918
17178	17436
1719	15997
17199	689
17206	51373
17213	23633
17220	15489
17241	2456
1726	597
17283	1922
17290	57
17297	18578
17304	19742
17318	88846
17325	12990
1733	42086
17353	469
17360	33588
17367	8695
17381	14295
17409	20239
17416	15286
17444	9948
17458	2046
17465	1247
1747	17559
17500	9308
17521	172
1754	44439
17549	3370
17556	5718
17563	1315
17570	1887
17577	4828
17584	18927
17591	48409
17598	2836
17605	3767
1761	70
17619	24130
17626	1081
17633	1353
17640	162
17661	336
17668	14160
17675	39
17696	161
17703	8780
17717	13523
1775	15858
17766	19437
17773	151
17787	48
17794	77
17801	15027
17808	194
17815	5305
1782	19527
17836	38239
17843	697
17864	35
17871	346
1789	35902
17892	18
17899	6028
17913	19315
17920	3751
17934	2293
17948	874
1796	454
17962	632
17976	1057
17990	1041
17997	13510
18004	27377
18011	364
18018	29669
18039	9351
18060	286
18067	38692
18074	31847
18088	18959
18095	3488
1810	47675
18109	16501
18123	88
18137	118
18144	145
18151	4813
1817	882
18172	5423
18179	18212
18186	46672
18200	53
18207	30344
18221	20328
18235	7461
18242	18937
18249	35106
18256	11022
18270	19948
18277	9850
18284	6136
1831	15647
18319	542
18340	49147
18347	4425
18354	6529
18389	24529
18396	4428
18403	2500
18417	83
18424	1555
18438	28872
18445	305
18466	16760
18480	13324
18487	12200
18494	26264
185	1965
18508	37952
18522	137
18529	137170
18543	36772
18550	224
18557	4876
18564	21160
18571	5244
18585	1354
1859	33228
18592	4865
18627	35564
18634	1434
18648	32750
18669	6316
18676	51268
18683	8764
18697	826
18704	13399
18725	37379
1873	7272
18746	5949
18753	79
18767	12019
18774	195
1880	11052
18809	4050
18837	6265
18844	10023
18851	926
18865	63
1887	71956
18872	302
18879	2092
18921	240
18935	872
1894	54311
18963	96
18970	445
18977	818
18984	13270
18991	10701
18998	19277
19	9031
19005	1566
19019	319
19026	4769
19033	8300
19040	3597
19047	18555
19054	173
19061	3362
19068	6445
19075	17773
1908	37247
19082	20821
19103	864
19110	94
19117	2235
19124	16072
19145	97
19166	3976
19180	76796
19187	15380
19194	17962
192	30261
19201	116
19215	6151
1922	52
19222	10362
19243	23621
19257	30087
19271	18665
19278	21002
19285	726
1929	6658
19299	18822
19306	11661
19320	11192
19341	19663
19355	20837
1936	47797
19362	337
19369	223
19376	50835
19390	9706
19397	15092
19404	614
19411	7470
19418	6740
19425	523
1943	8144
19432	69157
19453	4570
19467	10284
19481	75102
19488	787
1950	23158
19502	532
19509	267
19523	8694
19544	20070
19558	183
1957	74124
19579	574
19586	7605
19600	63
19628	5744
19635	47
1964	8011
19642	387
19649	3810
19663	11612
19677	8790
1971	115
19712	3502
19740	18315
19754	352
19761	26870
19768	479
19775	6121
19782	679
19789	12410
19796	1903
19824	22368
19838	14775
1985	145
19852	44875
19866	56
19873	37
19887	1185
199	81819
19915	62
1992	8120
19922	43333
19929	46808
19943	12406
19950	36078
19957	5316
19964	26855
19971	28591
19978	6113
1999	13272
19999	19005
20020	11775
20027	327
20034	56265
20048	15951
20055	587
2006	3239
20069	863
20083	8583
20097	768
20104	10136
2013	173
20132	10499
20139	69166
20146	17574
20153	2008
20195	1127
2020	14814
20202	66251
20209	13384
20216	19390
20223	306
20251	28
20258	19723
2027	232
20272	15070
20279	425
20293	11615
20300	551
20314	9766
20321	26229
20328	2942
20335	19791
2034	7606
20342	776
20356	5969
20363	9359
20384	19950
20391	26283
20398	14009
2041	14586
20412	1321
20426	39124
20440	39264
20454	2635
20461	3573
2048	39511
20496	386
20503	993
20510	746
20517	38660
20531	18503
20538	43
20545	318
2055	53218
20552	628
20566	256
20573	7597
20580	16635
20587	3456
206	46138
2062	10713
20629	37699
20636	10704
20643	27961
20650	9397
20657	2201
20664	381
20685	10516
2069	19323
20692	4488
20699	6101
20706	225
20713	1424
20727	176876
20734	432
20748	4625
20755	47049
2076	7649
20762	11129
20769	192
20776	4777
20783	321
20797	2408
20825	9196
20860	2503
20867	1087
20895	557
2090	33376
20902	3538
20909	14291
20916	13926
20923	17593
20930	4520
20958	5671
20965	74
2097	14035
20972	52
20986	14643
20993	1512
21000	10029
21007	7596
21014	12358
21021	33467
21042	685
21049	1628
21063	2612
21070	203
21077	2738
21084	17020
21091	1178
21098	458
21105	33044
2111	324
21112	96
21126	322
21154	2330
21175	191
2118	41309
21196	18937
21217	282
21224	35255
2125	7607
21252	27933
21266	2059
21280	18921
213	21833
21308	9105
21322	20896
21329	7660
21343	27788
21357	778
21378	13429
21385	32789
2139	15548
21392	14825
21399	1265
21413	12793
2146	1367
21469	11095
21483	1655
21490	28435
21497	18095
21518	33251
21525	859
2153	32503
21539	1636
21546	17329
21560	322
21567	21600
21574	20720
21588	9228
2160	212
21602	198
21630	3817
21644	1000
21651	407
21658	58230
21672	29579
21679	17414
21686	98
21707	44939
21714	264
21721	12967
21735	20815
21742	27816
21749	3431
21756	19
21777	85
21784	85048
21798	1007
21812	27286
21819	11872
21826	10973
21840	23999
21854	419
21868	7231
21875	19505
2188	35496
21882	67833
21896	220
21910	32234
21917	12008
21931	10720
21952	15852
21959	37704
21973	24585
21980	5065
21994	8228
220	17771
22001	10679
22008	2768
2202	2157
22022	7986
22043	26044
22057	1793
22064	10070
22071	1146
22078	767
2209	341
22092	38712
22120	1941
22134	1118
22141	33398
22148	1194
2216	23823
22162	12428
22169	7196
22176	1622
22197	4068
22204	57876
22225	3370
2223	18224
22232	3350
22239	25540
22246	57153
22253	36916
22260	1522
22281	1002
22288	8399
22323	1776
22337	127
22351	3810
22358	226
22372	2213
22379	8514
22386	8058
22400	29864
22414	125
22421	27409
22435	95
2244	18440
22442	27729
22470	328
22477	66
22484	44274
22491	30672
22498	19690
22505	722
22512	790
22526	15919
22533	14395
22540	974
22547	650
22561	3840
22568	12007
2258	49975
22582	24639
22596	27226
22603	2724
22610	42348
22631	1027
22645	18253
2265	21485
22652	1348
22659	192
22673	4461
227	143
22715	30035
22757	64
22764	13510
22778	10501
22785	40452
2279	1290
22806	19306
22813	4444
22820	64596
22827	220
22855	3030
2286	35566
22869	56791
22890	3551
22904	652
22918	697
22925	293
2293	16645
22932	71786
22960	8579
22981	4772
2300	9355
23002	2676
23009	20243
23016	379
23023	9442
23030	109
23044	21549
23058	40636
23065	59843
2307	109
23072	23905
23079	16388
23093	25279
23107	2315
2314	1299
23142	26272
23149	112
23163	13962
23177	11194
23184	20304
23191	26708
2321	773
23219	1895
23226	35506
23233	2648
23240	2948
23261	46919
23268	101
23289	11728
23303	186
23331	6844
23345	13064
2335	13601
23359	54551
23366	103
23380	634
23387	10152
234	10122
23401	7800
2342	46312
23436	35912
23443	1866
23471	23898
23478	16724
23485	21738
23499	8803
23506	19177
23520	4383
23534	9922
23555	3061
2356	41041
23576	4542
23583	1102
23590	29790
23604	3074
23618	136
23625	4504
23646	38002
23653	650
23674	7200
23681	16544
23688	47982
23695	26981
2370	2365
23709	8387
23716	363
23744	553
23751	136
23758	1373
23765	13917
2377	5792
23772	2660
23786	812
23793	30672
23800	8295
23821	25487
23835	14068
23842	24040
23898	3003
2391	30687
23919	15138
23968	41
23975	42528
2398	187
23982	154
23989	97
23996	11121
24003	27597
24031	15357
24038	13547
24045	35
2405	21327
24052	1978
24073	52
24080	11335
24094	6195
241	22
24101	8798
24115	29
2412	30195
24122	62976
24129	11419
24136	3204
24157	11685
24171	4882
24185	13852
2419	14853
24192	30211
24199	2339
24206	6714
24220	35975
24227	43700
2426	7661
24269	62587
24297	7372
24304	11018
24318	3587
24325	3471
2433	34230
24332	826
24339	536
24346	606
24360	39489
24374	3939
24381	6474
24388	147
24395	87682
2440	5733
24409	38
24423	360
24430	8028
24444	19
24451	565
24458	3298
24465	9869
24479	15959
24493	5359
24514	7900
24528	2652
2454	8847
24542	9847
24570	7759
24577	182
24591	966
24605	1387
2461	26597
24612	5748
24640	445
24661	6246
24668	354
24682	2624
24689	66
24731	642
24738	7360
24745	839
2475	13410
24759	94
24773	424
248	32121
24801	6285
24808	672
24815	18876
24836	9565
24843	26872
24850	9484
24871	1816
24892	399
24920	3149
24948	32443
24962	47381
24976	2888
24983	935
24990	825
24997	158
25032	1280
25060	13970
25067	13025
25081	18520
2510	13242
25102	18174
25137	11950
25151	5751
25158	25342
25165	16377
2517	536
25179	121
25186	59635
25193	673
25221	10695
25235	10783
25242	22392
25249	59
25256	8922
25263	465
25270	11431
25277	9703
25284	31659
2531	6903
25319	12895
25326	14703
25333	24081
25340	17825
2538	14117
25382	17145
25389	2114
25403	11341
25417	13033
25424	251
25438	4173
25445	4173
2545	25
25459	3417
25487	18
25494	6742
255	4183
25508	47870
25522	668
25543	16295
25550	12544
25557	16626
25571	20454
2559	750
25592	14714
25613	1210
25627	290
25655	12822
2566	2574
25676	400
25704	4158
25711	27322
25718	27522
25725	50563
2573	329
25746	51519
25753	23882
2580	20240
25802	8921
25830	73
25851	9183
25858	20966
25865	24711
2587	13811
25872	17832
25886	745
2594	5435
26	61897
2601	1472
2608	79
2615	27846
2622	5342
2636	17642
2643	399
2657	32552
2671	180
2678	22331
2685	24910
269	22968
2713	183976
2720	32
2727	46091
2734	69502
2741	1064
2755	100762
2762	52919
2769	17370
2783	41001
2790	13886
2797	20988
2804	1605
2811	7166
2818	7467
2825	43
283	37077
2832	19387
2853	10565
2860	4072
2867	933
2874	47236
2895	957
290	41494
2902	32
2909	179
2923	58883
2930	30394
2937	106
2944	4462
2951	17460
2958	17262
2965	87169
297	17267
2972	162
2979	23883
2986	2197
2993	13550
3000	411
3007	424
3028	25562
3035	2135
3042	77
3049	4519
3056	35456
3063	4356
3070	37371
3077	23960
3084	3128
3091	312
3098	47244
3105	6327
3112	255
3119	15283
3126	22194
3133	105
3154	959
3161	25093
3168	18679
3175	6913
318	29944
3182	5864
3189	11285
3196	88
3203	17871
3224	12780
3231	38334
3238	50761
3245	782
325	35435
3259	69199
3273	2937
3287	53376
3294	66600
33	7829
3315	8101
332	422
3322	5468
3329	41
3343	1401
3357	57101
3364	21049
3371	4742
3378	51017
3385	42
339	22158
3392	24411
3399	37395
3406	26326
3420	26681
3427	1465
3441	25178
3455	730
346	2188
3469	21344
3476	39237
3483	18218
3490	10865
3497	20081
3504	6521
3518	499
3525	4678
353	10680
3539	11273
3546	17954
3553	3203
3567	2967
3574	42490
3581	341
3588	4386
3595	44396
360	8397
3623	30216
3630	34807
3637	19494
3651	203
367	1452
3672	217
3679	30385
3686	29309
3693	40150
3700	937
3707	37843
3714	104878
3721	44015
3728	2143
3735	12486
374	16822
3742	18065
3749	46409
3763	11466
3777	84
3791	48646
3798	35922
381	9882
3812	24717
3833	33308
3847	5460
3854	42419
3875	3646
388	23157
3882	43627
3889	68503
3903	2961
3910	64
3917	18473
3931	27903
3945	53346
395	12252
3959	9915
3966	61
3973	11088
3980	57
3987	16795
40	25143
4001	19848
4008	39908
4015	15835
402	18907
4022	9351
4043	14402
4050	2159
4057	10555
4071	34273
4078	71
4085	21194
4092	8362
4099	2039
4106	3776
4113	31917
4120	17587
4127	47432
4134	22760
4141	142
4148	2990
4155	123
4162	36623
4169	30053
4197	19673
4204	31558
4211	82
4218	56515
4225	85187
423	2550
4232	131
4239	20514
4246	65229
4253	7076
4281	3585
4288	67496
4295	9911
430	10949
4302	82
4309	55733
4323	25532
4337	23979
4351	26332
4358	195
4365	20244
437	988
4372	21340
4379	369
4386	2172
4393	10541
4400	45046
4407	8024
4421	3092
4435	19071
444	32460
4442	14428
4449	308
4456	29201
4463	28872
4470	719
4477	4057
4491	556
4498	15780
451	8996
4512	53358
4519	41
4526	24913
4533	42477
4540	8823
4547	2429
4561	2072
4568	633
4575	13030
4582	34150
4596	4387
4603	25128
4610	24818
4617	216
4624	31507
4638	9602
4645	132
465	172
4666	776
4680	45386
4687	447
4694	22978
47	24
4701	3010
4708	526
472	21842
4722	6918
4736	41674
4750	77056
4757	5567
4764	16808
4778	4424
4785	23478
479	54
4806	48664
4813	2280
4827	13486
4834	16401
4841	9848
4848	2469
4855	246
486	98645
4862	29696
4876	820
4883	12811
4897	13152
4904	19833
4918	21852
493	12474
4939	72198
4946	498
4953	12369
4960	37946
4974	9705
4981	2105
4988	4005
4995	74
500	19828
5002	24428
5009	14823
5023	44419
5037	55532
5044	28075
5058	26307
507	20245
5079	30423
5086	923
5093	33692
5107	4875
514	1081
5142	48861
5149	11248
5156	332
5163	473
5170	9590
5184	5627
5191	898
5198	2047
5205	40889
521	13805
5212	9599
5219	12159
5226	24044
5233	7766
5247	7616
5268	27769
528	43999
5289	696
5296	12714
5303	28404
5310	55702
5317	44
5324	45375
5338	63896
535	26
5352	50529
5359	37601
5366	30943
5373	1534
5380	14528
5394	15436
54	15909
5408	32796
5415	18982
542	12338
5429	1545
5443	133
5450	12976
5457	23403
5464	57
5471	21050
5478	242
5485	3071
549	46828
5499	20680
5506	341
5513	16662
5520	512
5527	1820
5541	68761
5548	27809
5555	27059
556	5357
5569	368
5576	64
5590	97
5604	611
5611	11613
5625	10764
563	5286
5632	3398
5639	4043
5660	26707
5674	3293
5688	427
5695	23825
570	275
5709	194
5716	12191
5758	40905
5765	671
5779	9980
5786	41800
5793	16169
5807	41
5814	8474
5821	620
5835	19
584	8712
5863	8278
5870	6776
5877	125
5884	36611
5898	7761
5905	14161
591	11771
5912	33
5919	54643
5933	4781
5940	1987
5947	17070
5954	19750
5961	13327
5968	5923
5975	21305
598	19440
5982	247
5989	327
5996	6572
6010	50379
6031	8123
6045	13424
605	558
6052	585
6066	1494
6073	12257
6087	9060
6094	17544
61	62
6101	3603
6115	25583
612	51731
6122	231
6129	57878
6136	9382
6143	2693
6157	26526
6171	16607
6178	903
6185	32750
619	3589
6192	54603
6199	14210
6206	36150
6213	393
6227	27449
6241	60390
626	150
6262	2813
6269	1192
6276	4407
6297	19393
6304	2097
6311	48132
6318	414
633	4223
6332	1061
6339	14831
6346	22419
6353	11849
6360	66328
6367	9499
6374	17033
6381	70
6388	27
6395	26627
640	38
6402	102491
6409	3753
6416	47420
6437	970
6444	43973
6451	1078
647	29641
6472	10388
6486	579
6493	15625
6507	49893
6514	63962
6521	608
6528	4628
6535	58871
654	3713
6556	22059
6570	25779
6577	14866
6584	1028
6591	756
6605	7088
661	8046
6619	44
6626	11360
6640	24746
6647	33219
6654	12496
6661	30202
668	3422
6689	40887
6696	1114
6710	16413
6717	20202
6724	240
6731	231
6738	15468
6745	7395
675	4955
6752	226
6773	18647
6780	37292
6794	13190
68	32928
6808	1209
6815	280
682	3439
6822	15394
6829	503
6864	15520
6871	1315
6885	151
689	20822
6892	4315
6899	241
6906	19341
6913	12104
6920	21867
6927	26417
6934	108
6948	15327
696	220
6969	14890
6976	42923
6983	694
6990	11247
6997	842
7011	36
7018	56603
7025	16971
703	22452
7032	14671
7039	1766
7046	35620
7053	312
7060	195
7074	21286
7081	7603
7088	1166
710	77
7102	35
7109	13736
7116	8125
7137	44601
7144	65360
7151	42953
7158	15828
7165	27016
7172	4498
7186	25357
7193	1040
7200	22915
7207	133
7214	722
7221	581
7235	4188
7242	79
7263	23
7270	50351
7277	1591
7284	1975
7298	36394
7305	25552
7312	2695
7319	31189
7326	47
7340	17159
7347	113
7354	5685
7361	87826
7368	175
7375	26
738	18304
7382	31440
7389	192
7396	7362
7403	2322
7431	497
7438	6449
745	6999
7452	85
7459	41303
7466	24413
7487	6404
7501	69426
7508	21817
752	709
7522	45590
7529	73
7536	3560
7543	7473
7550	126
7557	7113
7564	136
7571	11704
7578	15598
7585	13013
759	10158
7592	41443
7599	20761
7606	156
7613	77799
7620	41735
7627	21612
7634	35103
7641	24921
7648	1741
7655	481
766	9342
7662	2106
7676	26053
7683	15210
7697	5445
7704	18103
7718	10975
773	34585
7746	72185
7753	26570
7760	8377
7767	60
7774	286
7781	3899
7788	1757
780	45566
7816	15375
7823	5209
7830	39075
7837	5160
7851	20631
7858	10935
7865	28856
787	38873
7872	8309
7886	105
7893	10477
7907	3510
7914	4607
7921	7185
7928	161
7935	43006
794	71
7949	39431
7956	24811
7963	1376
7984	86995
7991	7403
7998	11006
8005	10197
801	72
8019	14106
8033	541
8040	15684
8047	21759
8054	57501
8061	19251
8068	8493
8075	21506
808	50635
8082	9396
8096	377
8103	38727
8110	79
8124	1577
8138	41701
8145	6558
815	492
8159	350
8166	1205
8173	9408
8187	781
8194	152
82	132
8201	2101
8208	1917
8222	32018
8236	276
8243	78
8250	29584
8257	19439
8264	1460
8278	2315
8285	51562
829	2197
8292	35129
8299	11868
8306	113
8320	2040
8327	7233
8334	64635
8341	24735
836	35
8362	147
8369	5440
8390	20375
8397	66
8404	9682
8411	3463
8418	86090
8425	16689
843	11503
8432	48
8439	3637
8453	5948
8467	45072
8474	10203
8481	22503
850	1359
8502	213
8509	116
8516	617
8523	5548
8530	9818
8537	43274
8544	2949
8565	12473
8579	24701
8586	14958
8593	6277
8600	402
8614	91
8628	30650
8635	30915
864	19265
8642	17438
8663	28097
8670	9134
8677	2489
8684	1965
8691	34389
8698	24642
8705	14441
871	83
8719	10938
8733	321
8747	882
8754	20671
8761	1609
8768	386
8782	11003
8810	221
8824	102
8831	17389
8838	6147
8845	67131
8852	20182
8859	20089
8866	31
8873	13374
8880	38347
8887	7122
8908	27841
892	21762
8922	13588
8929	21884
8964	259
8971	28964
8978	680
899	141
8992	275
8999	45035
9006	52730
9013	1809
9020	56699
9041	2330
9055	4833
9069	13742
9083	45
9097	11134
9111	2267
9118	628
913	16695
9132	44481
9139	17613
9146	456
9153	11112
9160	7730
9181	1105
9188	127
9195	12926
920	138
9202	63829
9209	866
9216	13407
9223	4437
9237	63
9251	16135
9265	162
927	18907
9272	93
9279	1318
9286	18698
9293	21618
9300	515
9307	19875
9321	34700
9328	338
9335	556
934	17688
9342	7087
9349	1600
9356	5542
9363	14415
9370	7378
9377	8750
9384	9386
9391	2042
9398	10759
9405	4119
941	13976
9412	24774
9419	26236
9426	38437
9433	927
9440	20866
9447	13836
9461	370
9468	44135
9475	5481
948	1641
9482	2836
9489	1061
9503	15267
9524	406
9531	4257
9538	2135
9545	2107
955	17653
9552	21903
9573	886
9580	1313
9594	89
96	44591
9601	1345
9615	5473
962	19984
9622	147
9629	52
9636	497
9650	5437
9664	431
9671	15220
9678	11202
9685	56
969	73
9692	16527
9699	23446
9706	470
9727	3729
9734	206
9741	25077
9748	63
976	63
9762	101
9776	448
9783	39317
9790	1790
9797	708
9818	20796
9825	3049
9846	40537
9860	27120
9874	63
9881	28487
9888	199
990	57680
9902	15299
9909	1083
9916	9630
9923	8202
9930	29736
9937	25870
9944	5049
9951	49
9958	25675
9965	547
9972	40
9979	2829
9986	6830
