10004	26580
10011	275
10018	5254
10025	27637
10032	28640
10039	8746
10046	8777
10053	10954
1006	9369
10060	31671
10067	39520
10081	692
10095	535
10102	38687
10109	2283
10116	8873
10123	19658
1013	10243
10130	20804
10137	4179
10151	48
10158	8049
10172	220
10179	2739
102	9581
1020	21742
10200	23857
10207	9138
10214	13119
10228	5825
10242	2459
10249	2672
10256	159
1027	2864
10277	18924
10291	882
10298	19964
10305	36091
10312	56469
10319	18794
10361	172
10368	618
10375	64584
10382	15891
10396	128
1041	2257
10410	10867
10417	141
10445	12602
10452	29274
10466	508
10473	89527
1048	42561
10480	12370
10487	7601
10494	3851
10501	129
10515	5468
10529	43713
10550	22101
10564	36023
10571	26306
10578	70
10585	1806
10592	2365
10599	4377
10606	734
10613	6368
1062	8559
10627	64474
10634	8843
10655	23223
10662	11846
10669	46356
10683	8670
1069	53297
10690	15863
10697	23690
10711	12472
10725	5048
10732	16850
10739	22922
10746	17986
10753	8226
1076	8017
10774	15000
10788	57
10802	4670
10809	54785
10823	17014
1083	4702
10830	20865
10837	36362
10844	22693
10858	232
10865	89
10872	195
10879	11756
10886	208
10893	78430
109	12165
1090	3328
10900	2369
10921	5036
10935	20522
10942	271
10949	6695
10963	1215
1097	1736
10977	687
10984	18477
10991	12106
10998	626
11012	9176
11026	4250
11033	41331
1104	2130
11040	1367
11047	6154
11054	44825
11082	61
11089	32519
1111	32018
11110	37612
11124	190
11131	1377
11138	43380
11152	46
11159	12426
11166	45877
11173	47488
1118	18477
11187	3380
11194	67515
11215	10859
11222	2168
11236	7027
11243	11028
1125	3503
11250	13183
11271	428
11278	23725
11285	23
11299	42143
11306	169
11313	4790
1132	150
11334	72611
11341	118
11348	13631
11355	481
11369	208
11383	132
1139	10484
11390	78
11397	397
11404	27444
11425	13978
11432	1939
11439	15858
11453	81
1146	12546
11481	5371
11488	40253
11495	40245
11502	92
11509	390
11523	39556
1153	23986
11530	1203
11537	29298
11544	172
11558	7084
11565	13455
11572	102
11579	173
11586	1090
116	16835
1160	34375
11607	39399
11614	264
11621	1021
11649	260
11656	3613
1167	1910
11677	3146
11684	6503
11698	10643
11712	6115
11747	107662
11754	12847
11789	105
11796	4699
11803	719
11810	8464
11824	13161
11831	4355
11838	58
11845	4105
11852	902
11859	2207
1188	14774
11894	36846
11901	13799
11908	21363
11915	7658
11922	146
11929	24666
11936	5401
1195	9264
11950	20141
11964	276
11971	574
11978	9216
11985	79042
11992	4855
11999	11512
12006	8154
1202	26205
12020	34790
12041	86
12055	3002
12062	11603
12069	5427
12083	51
1209	12011
12097	604
12104	1805
12132	19001
12139	1929
12146	26583
12153	41310
1216	107
12167	7717
12174	23179
12181	2283
12195	7009
12202	10739
12209	9216
12216	5298
12223	5787
1223	65
12230	11838
12237	9275
12244	10572
12258	47662
12286	2181
123	38596
1230	154
12307	22162
12314	1444
12321	17364
12335	37038
12349	1507
1237	13791
12370	14725
12377	3014
12384	8551
12391	2361
12405	25412
12412	5536
12426	42103
12447	23850
12454	20632
12461	23871
12468	31
12482	6748
12503	9816
1251	8606
12510	1184
12517	33975
12524	12272
12531	85
12538	14493
12545	17584
12552	6349
12559	28086
12566	214
12573	20824
12587	50952
12594	25301
12601	29622
12608	98808
12622	1333
12629	34931
1265	124
12650	419
12657	128
12671	28780
12685	15739
12692	46
12699	5154
12706	19051
12713	8407
1272	205
12720	22202
12734	123
12741	15234
12748	9454
12755	123
12762	456
12769	799
12776	31730
12783	5510
12790	2249
12797	584
12804	3743
12818	5715
12825	1012
12839	4879
12846	5921
12853	85600
1286	22582
12860	32412
12902	53736
12916	46231
12923	2750
12930	17257
12937	176
12944	25403
12965	10609
12972	5301
12986	546
13	58
13007	232
13014	23128
13021	312
13028	351
13035	7849
13049	4843
13056	45475
1307	117797
13105	5892
13112	6752
13133	23919
13147	12926
13168	36097
13175	535
13182	18724
13189	21833
13196	24
1321	42771
13224	21134
13259	7534
13266	29098
13273	9096
1328	45673
13280	217
13294	66724
13308	13643
13315	19
13322	60714
13329	32984
13336	485
13343	32693
13350	26442
13357	16764
13364	805
13378	7867
13385	183
13392	6862
13399	11945
13406	25016
13434	5703
13448	18874
13469	33770
13483	801
1349	36112
13490	1559
13525	43719
13553	41102
1356	75
13560	19305
13567	56
13574	22170
13581	548
13588	9376
13595	52557
13602	1649
13609	16400
13623	40974
1363	1488
13630	43793
13644	3708
13651	94
13658	5463
13672	6358
13679	337
13686	20748
13693	353
137	830
13700	29146
13714	162
13735	2487
13742	12238
13749	517
13756	2277
13763	88
1377	16398
13777	53256
13791	149
13798	8330
13805	480
13812	19715
13819	17437
13826	432
1384	18672
13882	62
13889	4329
13896	4117
1391	3908
13917	23878
13924	6851
13952	1127
13959	16822
13973	1290
1398	6725
13987	5164
13994	6953
14001	13057
14008	3547
14022	22256
1405	20033
14050	81
14064	147
14078	1333
14099	15691
14106	15379
14120	15778
14127	10930
14134	17925
14148	6057
14155	584
14162	7326
14183	422
1419	5767
14190	418
14197	2377
14218	51301
14239	1365
14260	2361
14274	629
14281	1290
14288	19714
14295	180
14309	676
14316	19142
1433	653
14330	5700
14337	295
14344	1081
14358	4496
14365	77111
14379	34
14386	6676
14393	22847
1440	55433
14400	34705
14407	39512
14414	17184
14421	29883
14428	11555
14435	971
14463	7434
1447	47844
14470	14611
14477	23869
14484	60273
14498	271
14505	16630
14512	23779
14540	1604
14547	1897
14554	232
14568	4999
14589	8328
14596	19280
1461	66946
14610	61
14617	13567
14624	29805
14631	19978
14638	4802
14645	72790
14652	225
14659	16832
14666	11892
14673	12573
1468	1703
14701	7083
14722	26177
14729	6409
14736	4502
1475	7078
14757	34193
14764	5193
14771	428
14778	14697
14785	17458
14792	1534
14799	46
14806	6667
14813	17065
1482	11585
14820	70
14834	2361
14841	4931
14855	456
14862	19382
14869	5797
14883	86
1489	64368
14897	16071
14911	37403
14918	28085
14925	46007
14932	18236
14939	8250
14946	2276
14953	6899
14967	36
14974	2792
14981	8804
14988	280
15002	42
15009	47725
15016	184
15023	3238
1503	6674
15051	6106
15058	617
15065	26165
15072	19015
15079	16797
15086	6966
151	25425
1510	49095
15114	3920
15121	8832
15128	47155
15142	107
15149	3525
15156	9281
1517	2682
15170	350
15177	4601
15184	1300
15198	436
15205	44523
15226	6702
15233	848
1524	29083
15240	35371
15268	14731
15275	265
15282	9879
15289	18161
15303	31019
15310	804
15317	6201
15331	133
15338	81
15345	11982
15352	3822
15359	13518
15373	13927
15387	4147
15394	13081
15401	210
15408	5848
15415	102
15422	87161
15429	73
15443	25872
15457	4219
15464	40993
15471	22009
15478	100
15485	68
15506	1337
15513	69
1552	4588
15520	3968
15527	105
15534	25649
15548	165
15562	17248
15569	15675
15583	1238
1559	2247
15597	5609
15611	17250
15618	2068
15632	22019
15639	36057
15646	55870
15653	1308
1566	85891
15660	32990
15674	16230
15681	48
15695	20802
15716	24953
1573	781
15730	23
15744	14034
15751	10841
15765	1800
15772	100
15779	84
15786	17670
158	9690
1580	2785
15807	23989
15828	4764
15849	626
15856	51196
15863	23103
1587	9792
15870	2717
15884	14195
15898	313
15905	8259
15919	754
15926	40
15940	11529
15961	6745
15968	1121
15975	864
15989	17417
16003	197
1601	10920
16017	18698
16024	2530
16038	14355
16045	2734
16066	30954
16073	46464
16080	20131
16087	2415
16094	12328
16101	41
16108	336
16115	19722
16129	10370
16136	33884
16143	6207
1615	33617
16150	259
16157	9263
16164	2211
16171	46965
16185	45161
16199	40446
16206	21374
1622	8471
16220	119
16227	10136
16234	918
16248	7662
16262	5623
16269	180
16283	1208
1629	3492
16311	4094
16332	3169
16339	9270
16353	15900
16374	1606
16388	7232
16409	12416
16430	4194
16437	7844
16458	152
16472	4451
16479	6231
16486	45774
165	458
1650	52977
16500	33828
16507	13952
16514	65359
16521	12446
16528	342
16535	73488
16563	6510
1657	3875
16584	354
16591	10605
16612	6903
16633	14605
1664	28617
16647	969
16654	14188
16661	18453
16668	13959
16675	76
16682	16406
16703	56920
16717	36390
16724	11830
16731	17222
16738	9993
16759	114802
1678	16937
16801	3530
16822	25539
16829	5595
1685	2075
16850	1235
16864	126
16892	17298
16899	56
16906	597
1692	89500
16920	19728
16948	101032
16955	40660
16969	163
16976	47075
16983	26887
1699	7870
17018	63
17039	37
17046	12138
1706	24066
17060	4563
17067	32969
17081	3863
17088	1890
17095	22882
17102	394
17116	31157
17123	701
17130	5798
17137	941
17144	30194
17158	5756
17172	519
17179	17947
17186	22063
172	505
17200	24765
17214	50164
17221	5251
17235	535
17242	43558
17249	55227
17263	22937
1727	20350
17270	26291
17277	58326
17291	5309
17312	11922
17319	12936
17326	6333
17333	70843
1734	15
17340	1082
17347	19036
17354	887
17375	350
17382	12013
17403	8642
1741	28809
17410	20960
17417	311
17424	1054
17431	24838
17445	74246
17459	43
17480	71989
17487	9795
17494	106203
17515	240
17529	17298
17543	2237
17550	10800
17557	46230
17564	4347
17578	13692
17585	18585
17599	4462
17613	120
1762	3040
17627	51
17634	195
17655	23938
17662	376
17669	7548
17690	2195
17704	66
17725	11352
17732	499
17753	19997
17760	2717
17767	853
17774	42418
17781	6106
17795	24124
17823	8712
1783	195
17837	179
17844	11195
17851	181
17858	35468
17879	80484
17886	4012
17893	7069
1790	24360
17900	22473
17914	47567
17921	1781
17942	24247
17949	7650
17963	11721
1797	25557
17977	25359
18005	2475
18012	10492
18026	3951
1804	24878
18047	15924
18061	51759
18068	8634
18075	24250
18082	14467
18096	7547
18103	30662
1811	47152
18124	153
18138	145327
18145	12692
18152	15446
18166	2208
1818	16240
18194	240
18201	19911
18229	39
18243	5062
1825	12154
18250	25245
18257	18887
18264	10901
18271	982
18278	10503
18313	2795
1832	5219
18327	9702
18334	4648
18341	25243
18348	29323
18362	90
18376	10878
18383	1023
1839	72232
18397	4802
18425	1408
18439	23844
18446	36
1846	39662
18460	3278
18474	18332
18495	23941
18502	41180
18509	9478
1853	15375
18537	13481
18544	8660
18558	596
18565	6022
18586	216
18593	20446
186	23580
1860	13579
18600	1349
18614	794
18628	8790
18642	7996
18656	335
18663	695
1867	285
18677	931
18684	617
18691	778
18698	50
18726	56258
18733	25918
18761	236
18768	15716
18775	27143
18796	46239
1881	31280
18810	8482
18831	32723
18838	308
18852	446
18859	250
18866	1036
18873	5673
1888	71282
18880	57828
18887	33062
18894	1002
18901	18302
18908	29513
18929	2950
1895	1501
18950	831
18957	23577
18964	787
18971	9550
18978	5297
18992	14567
18999	3433
19006	27097
19013	16479
1902	4332
19041	14144
19062	16151
19069	31203
19076	228
19083	23375
19104	261
19111	13286
19125	10881
19132	38231
19139	32440
19160	7479
19167	14956
19174	11442
19181	2073
19188	17690
19195	61672
19202	8433
19209	32435
19223	3677
1923	10873
19230	61
19237	2544
19244	29594
19251	39
19265	1692
19293	1129
1930	30746
19300	148
19307	11030
19314	4551
19363	124
1937	23314
19370	74
19405	47
19412	39827
19426	23325
19433	11035
1944	1910
19447	59372
19454	136
19468	23132
19475	1196
19482	2065
19503	11763
1951	32330
19517	22555
19524	299
19531	23062
19545	29
19552	125
1958	256
19580	1049
19587	18011
19594	9689
19601	15127
19608	20181
19615	1728
19629	28463
19636	54786
19643	1001
1965	1561
19657	14495
19664	7973
19671	31090
19678	6531
19713	603
1972	2202
19720	8308
19727	42418
19741	652
19755	174
19769	18342
19776	9308
1979	60
19804	321
19811	62
19818	194
19825	26623
1986	58830
19860	11339
19867	1495
19881	159
19888	7240
19902	17232
19916	5763
1993	28218
19944	9331
19951	43
19958	10675
19965	8980
19972	12302
19979	7276
19986	19415
19993	103
2	39511
20	36221
20000	6781
20007	323
20014	503
20028	9067
20035	5001
20049	829
20056	8031
2007	232
20084	40284
20091	11860
20112	1673
20119	10762
2014	20856
20154	71218
20168	4801
20175	33053
20182	1350
20203	12760
2021	28208
20210	9410
20224	1593
20231	9328
20273	252
2028	8146
20287	200
20294	11854
20301	23425
20322	17197
20329	12410
20336	5308
20350	1007
20357	10801
20364	27159
20371	16133
20385	17434
20392	13647
20399	16687
20406	546
2042	10743
20420	217
20427	826
20434	693
20441	2100
20469	1169
20476	1118
2049	3542
20490	445
20497	542
20504	22958
20511	19986
20518	291
20532	10426
20539	338
20553	52681
2056	18198
20581	28660
20602	766
20616	37334
20623	856
2063	96
20637	16978
20644	350
20651	424
20672	16549
20679	13582
20693	54351
2070	15942
20707	52555
20714	6093
20721	2954
20728	10773
20735	24666
20749	23
20756	61471
2077	34004
20784	6929
20805	78
20819	4259
20833	5251
2084	1649
20840	10675
20847	29875
20861	18633
20882	7392
20889	22847
20917	431
20924	31
20931	1161
20945	4458
20952	39281
20966	14871
2098	27419
20980	310
21001	17244
21008	28222
21015	23659
21036	5639
21043	1182
21057	1005
21071	2434
21078	25683
21085	25547
21092	16595
21099	22375
21106	32423
2112	3073
21134	9550
21148	36765
21155	2583
21176	46744
2119	38297
21190	2552
21197	21623
21204	5614
21211	2176
21225	274
21232	301
21239	969
2126	13890
21260	85390
21274	394
21281	772
21288	38
21309	254
21316	2363
2133	21092
21344	40
21358	20322
21379	29248
214	1073
2140	3137
21407	21092
21421	1391
21442	16819
21449	63276
21456	4624
21463	36852
21470	11964
21484	6598
21491	68
21526	361
21554	104
21589	29768
21596	18127
21603	375
2161	15716
21610	4608
21624	27459
21631	22864
21638	1017
21652	4056
21659	35489
21680	183
21687	19109
21701	17228
21715	2607
21743	17192
21750	15327
21764	132
21771	17824
21778	15320
21785	3996
21799	17566
2182	4562
21827	28368
21834	4976
21841	28885
21862	153
21869	115
21883	296
2189	82827
21890	4719
21918	415
21925	18162
21932	143
21953	3895
2196	5272
21967	318
21981	19191
22002	2647
22016	265
22030	1856
22037	12459
22044	73926
22051	8272
22058	16360
22079	39907
22086	153
22093	5330
2210	327
22114	5191
22121	515
22128	21061
22135	197
22149	14339
22156	21163
22163	7076
22170	12891
22184	6000
22198	53001
22226	7481
22233	32811
2224	15340
22247	46428
22254	33
22268	1333
22282	22078
22296	215
22303	31396
2231	57440
22310	10397
22338	172
22345	1559
22352	1901
22359	11645
22366	222
22373	27217
2238	20065
22380	319
22387	9295
22401	23672
22415	2886
22422	604
22443	52432
2245	25365
22450	1442
22457	14121
22464	15617
22471	1994
22478	127882
22492	910
22506	146
2252	1412
22527	10478
22534	13999
22548	109
22555	14040
22569	13539
22583	19325
2259	40347
22590	919
22597	3650
22604	293
22611	10999
22618	62458
22625	4320
22632	544
22646	614
22660	13088
22667	24260
22688	8481
22695	13667
22709	33089
22716	1385
2273	83
22744	20433
22758	86911
22765	13084
22772	22264
22786	12522
22793	54618
228	6753
2280	2141
22800	4141
22807	378
22828	9951
22835	1185
22856	537
22863	10214
22870	1413
22884	144
22898	23
22905	399
22912	7134
22919	21796
22933	63308
2294	19316
22940	249
22968	9801
22982	39366
22989	18355
2301	16446
23031	2967
23038	12056
23052	102
23059	4260
2308	29967
23087	33318
23101	1997
23108	18159
23115	11743
23122	1402
23129	7676
23136	4215
23150	29606
23164	26
23178	28359
23206	29937
23220	32577
23241	131
23248	126
23276	83187
23283	128
2329	20066
23297	10083
23304	9404
23311	6130
23353	21439
2336	1442
23367	9013
23374	19473
23381	42321
23388	6427
23395	43251
23409	14493
23416	22881
23423	3392
2343	28053
23437	36443
23458	94
23479	23153
23486	309
23493	2477
2350	9509
23507	14756
23521	1042
23535	14346
23542	37244
23556	167
2357	18760
23570	10378
23577	497
23584	16143
23591	24922
23598	6900
23619	2218
23626	2680
23633	19890
2364	9104
23647	21762
23654	2697
23675	8271
23682	6088
23717	24044
23724	1957
23738	7388
23745	4109
23752	11501
23766	33942
23773	3315
2378	6290
23780	11765
23787	280
23801	873
23808	557
23822	11225
2385	367
23850	5250
23871	10322
23878	39
23899	2889
23906	39
2392	18174
23920	5345
23934	43190
23948	2831
23955	103
23976	2726
23983	493
23990	26573
23997	3169
24011	24660
2406	29063
24060	6063
24074	70
24081	2780
24088	13101
24095	12112
24102	2725
24144	254
24158	147
24165	10434
24186	1840
24193	15256
242	184
24200	23302
24221	21186
24228	3095
24263	30271
2427	7638
24277	14644
24284	20069
24298	20727
24305	7095
2434	284
24340	26974
24354	4371
24368	6235
24375	36701
2441	648
24410	46
24417	240
24424	7239
24438	24261
24466	32491
24473	58853
24480	629
24487	13948
24494	26342
24508	6166
24515	181
24522	4675
2455	13118
24557	7874
24564	1021
24571	14464
24578	4789
24585	2103
24599	2124
24606	898
24613	28602
2462	19945
24620	2976
24627	9424
24634	882
24641	45621
24662	18212
24669	21568
24683	3205
2469	1985
24697	28071
24704	65675
24718	20738
24739	30
24746	39
24753	19177
24760	103
24767	309
24781	4598
24795	1803
24802	16448
24809	331
24816	28092
24823	3268
2483	50970
24830	4682
24851	1126
24858	7560
24865	525
24872	443
24886	1002
24893	499
249	44001
2490	11498
24900	35971
24907	67230
24914	38069
24942	6491
2497	412
24977	30833
24991	1381
24998	1338
25005	12207
25012	17175
2504	7287
25040	3960
25047	1262
25054	6471
25061	169
25068	2194
25089	30375
25103	4939
2511	9790
25117	227
25131	28544
25138	24662
25173	5687
2518	14398
25187	1998
25194	2232
25208	7222
25215	15071
25222	8426
2525	32
25264	225
25278	17535
25299	499
25306	21152
2532	7100
25334	685
25341	58176
25348	21964
25425	16119
25432	8405
25439	1356
25446	16861
25453	40
2546	3589
25460	44423
25481	18255
25509	526
25516	3133
25523	2227
2553	1738
25544	10064
25558	2455
25572	58540
256	14837
2560	30631
25600	88071
25628	260
25649	13613
2567	16038
25670	9373
25684	3809
25698	54927
25712	9457
25726	7526
2574	24251
25740	14057
25768	5047
25782	57681
25789	1660
25803	52337
25810	5437
25817	1210
25831	2313
25838	13448
25845	15008
25852	12716
25866	5002
2588	2293
25887	980
2616	9863
2623	32806
263	7237
2630	1170
2637	31601
2644	14420
2651	18291
2665	8623
2672	40688
2679	127
2693	8978
27	52
270	8828
2700	58
2707	18213
2714	819
2721	40287
2728	11914
2749	13999
2763	7332
2770	459
2777	26158
2784	733
2798	19213
2805	248
2812	170
2819	11574
2826	6255
2833	31157
284	12714
2861	1290
2868	24666
2875	29986
2882	43209
2889	2972
2896	193
2903	16107
2917	11547
2924	152
2931	16393
2938	2704
2945	11916
2952	36408
2959	81
2966	444
298	26054
2980	1916
2987	25236
2994	187
3001	28185
3008	13000
3015	61
3022	32827
3029	58127
3043	7119
3057	33702
3064	1615
3071	27225
3078	21967
3085	7236
3092	1751
3099	1639
3106	10663
3113	47315
3127	467
3134	4830
3148	13151
3169	25649
3176	32722
319	16182
3190	4385
3197	498
3204	57920
3211	25486
3218	55
3225	275
3232	13226
3239	271
3246	7560
3253	25268
326	34416
3260	21835
3267	33234
3281	6768
3288	2819
3309	12318
3316	1383
3323	48826
3330	137
3337	18817
3344	26400
3358	10419
3365	163
3372	2952
3379	3388
3386	867
3393	3096
34	3687
340	18659
3407	12461
3421	8019
3428	44974
3442	1649
3449	32399
3463	26174
3470	30541
3477	13352
3484	3686
3491	872
3498	11841
3505	17858
3512	24857
3519	216
3526	727
354	19278
3561	55918
3568	137
3575	9551
3589	7810
3596	14694
3603	9713
361	34330
3610	11016
3617	6540
3638	532
3652	12825
3659	22478
3666	22035
3673	8689
368	17481
3687	3594
3694	5943
3701	20860
3708	1669
3715	10478
3722	33
3729	80897
3736	12840
3743	1043
375	38036
3750	268
3757	25554
3771	2991
3778	43528
3785	57821
3792	541
3799	315
3813	4135
382	5796
3820	1763
3827	84
3834	80
3841	26138
3848	1614
3855	5874
3862	34623
3869	2696
3876	103
3883	9425
3890	4047
3897	104111
3911	12712
3918	38177
3925	14618
3953	24394
396	70
3960	1601
3967	7396
3974	15175
3981	16289
3988	4141
3995	38114
4002	72114
4009	293
4016	121
4023	1862
403	46536
4037	16159
4044	297
4058	75
4065	329
4072	16209
4079	36583
4093	2062
41	3318
410	3463
4100	1559
4107	6195
4121	35379
4128	890
4135	179
4149	127
4156	631
4170	2399
4184	33037
4191	41482
4198	1306
4219	19513
4226	35322
4233	69548
424	82
4240	11213
4247	24119
4254	6882
4268	11228
4275	23744
4282	38350
4303	25375
4310	81112
4317	12641
4331	2881
4338	16593
4345	1642
4352	17435
4359	90
4366	456
4373	6762
4380	24952
4387	237
4408	10312
4415	3551
4422	68
4429	29190
445	1386
4457	32192
4464	28075
4471	237
4478	8802
4485	43275
4492	39482
4499	17719
452	7185
4520	54332
4534	10379
4541	3346
4548	118019
4555	10199
4569	40497
4576	15082
459	47396
4611	413
4625	62463
4653	945
4667	275
4674	10731
4681	1246
4695	52063
4702	8304
4709	2165
4716	208
4730	17171
4737	268
4744	2310
4772	8731
4779	2051
4786	34298
4793	92
48	26491
480	8207
4807	230
4814	53890
4821	24229
4842	51417
4856	4870
4863	227
487	79
4870	11412
4877	145447
4884	246
4898	17
4919	3850
4926	22243
4933	55325
494	26944
4954	10136
4961	28579
4968	13180
4975	1469
4982	3627
4989	2688
5003	356
5010	812
5024	388
5031	1012
5052	5335
5059	37701
5073	11684
5101	25049
5108	26302
5115	44274
5122	133
5129	23485
5136	177
5143	91254
515	14543
5150	24238
5157	634
5164	25950
5185	24665
5192	1454
5199	805
5234	1506
5248	5347
5255	90
5262	30712
5269	10737
5283	58609
5297	1911
5311	7631
5318	1173
5325	59
5332	13641
5339	1986
5346	18
5353	1883
536	42546
5374	105
5388	6867
5402	14758
543	7345
5437	1590
5444	16260
5451	419
5458	6288
5465	141
5472	11510
5479	9204
5486	29531
5493	8816
55	784
5500	329
5514	568
5521	15235
5528	4028
5542	2894
5556	1305
5563	64874
557	185
5577	117
5591	6996
5598	33927
5612	3302
5619	88
5626	10071
5633	841
564	13563
5647	3957
5654	34216
5661	1193
5668	54040
5675	906
5689	15017
5703	14383
571	63
5717	12686
5731	790
5738	11854
5745	2490
5759	7486
5766	1309
5773	1167
578	50
5780	7535
5787	592
5801	1542
5808	27873
5815	15257
5822	83484
5829	985
5836	929
585	10458
5857	21885
5871	12248
5878	9756
5899	42614
5906	1891
5913	16644
592	50286
5920	4331
5927	6002
5934	20143
5941	50463
5955	35939
5962	29057
5969	16296
5983	205
5990	437
5997	2441
6004	3052
6011	15502
6018	235
6025	336
6032	5493
6039	242
6053	47003
6088	9093
6102	42917
6109	97
6116	994
6123	6040
613	24001
6137	29122
6144	28598
6151	41508
6158	9350
6165	175
6186	23621
62	4705
620	66
6200	57089
6207	7566
6214	24742
6242	10346
6256	11489
627	187
6270	23617
6277	45023
6284	84
6298	107
6312	59847
6333	457
634	329
6340	33
6347	1566
6354	17377
6375	8112
6382	3056
6389	5623
6403	354
641	12934
6410	20393
6417	22532
6424	25677
6431	5951
6438	4784
6459	27124
6466	273
6473	35196
648	19695
6480	11325
6494	44083
6501	14311
6508	22633
6515	39208
6543	12539
655	22034
6550	608
6564	3426
6571	21937
6578	20009
6585	1805
6592	9718
6599	38346
662	11389
6620	3337
6627	2633
6634	14429
6641	252
6648	41323
6655	8372
6662	32634
6669	15968
6676	394
669	103
6704	108
6711	263
6718	346
6725	85
6746	29961
6760	5057
6767	214
6774	109
6802	41324
6809	28
6816	290
6823	841
683	53455
6830	1857
6837	8187
6844	85794
6851	18050
6858	93763
6865	350
6872	14466
6879	316
6886	72831
6893	30981
69	17915
690	16876
6900	117
6907	12928
6921	34679
6928	28134
6942	40547
6949	78
697	11268
6977	617
6984	55902
6991	20657
7005	1127
7012	6536
7019	456
7026	52494
7033	44
704	4747
7047	2777
7054	44
7061	994
7082	51147
7089	15
7096	2207
7103	7215
711	58
7117	12814
7131	4305
7138	94
7159	40316
7166	9404
7173	2712
718	25449
7180	24491
7187	285
7194	473
7208	33369
7222	110
7243	69032
725	11778
7257	11936
7285	9577
7299	20125
7306	7389
7313	39322
732	9319
7320	35920
7348	37066
7355	29988
7362	4071
7376	4223
7383	42981
739	76455
7390	12619
7397	4046
7404	29999
7425	23713
7432	28395
7446	21532
7453	24565
746	24675
7474	64
7481	12799
7488	15757
7495	19073
7502	24
7516	17043
7530	1657
7537	263
7544	42836
7551	4103
7558	14000
7565	46604
7586	383
76	24374
760	634
7600	492
7607	16665
7614	706
7621	107
7635	60439
7649	25945
7663	23887
767	72202
7670	3968
7691	1274
7705	204
7719	66239
7726	28584
7733	135
774	10698
7754	792
7761	28640
7768	447
7782	99741
7789	6748
7796	12353
7803	7401
781	30631
7817	6183
7824	82
7831	184
7838	8731
7845	12401
7852	14684
7859	30607
7873	27
788	50554
7880	69407
7887	16221
7894	19260
7901	438
7915	129767
7922	12779
7929	3772
7936	4895
7943	27598
795	4439
7950	18215
7957	241
7964	946
7971	10132
7978	28
7992	4252
8006	19501
8013	38
802	29552
8027	44455
8041	1762
8048	45002
8055	22024
8062	4830
8069	16867
8083	13256
809	3579
8097	1362
8111	415
8125	3457
8146	392
816	13690
8160	8442
8167	50137
8174	283
8181	16142
8209	12686
823	1620
8230	19103
8244	16285
8251	10599
8258	6495
8272	48197
8286	50587
83	18374
8307	19496
8321	610
8328	31443
8335	448
8342	2688
8349	7964
837	24005
8370	15872
8377	2427
8384	13206
8391	20893
8398	11809
8405	52
8412	2525
8419	16390
8426	4691
8433	14309
844	20593
8447	469
8454	13948
8461	13327
8475	37462
8482	23586
8489	15579
8503	628
851	2879
8517	4749
8524	12971
8531	47032
8538	9299
8545	1187
8552	916
8559	421
8566	37
8573	1438
858	53166
8594	6030
8601	19343
8608	40985
8622	25096
8636	1076
8643	5921
865	22367
8664	185
8671	22805
8678	60097
8699	13307
8720	315
8734	6437
8741	44752
8755	4189
8776	538
879	5417
8804	72
8811	2267
8818	20629
8839	2761
8846	289
886	1009
8860	24877
8867	128
8874	8434
8881	10841
8895	73787
8902	881
8909	361
8916	983
8923	23107
8937	700
8944	21624
8951	4025
8958	243
8965	270
8972	22844
8979	12906
8986	65
8993	11513
9	3509
90	38095
900	33290
9007	12166
9014	158
9028	40
9035	34307
9056	6572
907	1274
9070	53729
9077	67365
9084	15179
9091	3258
9098	37584
9105	20
9112	13058
9119	8679
9126	13805
914	4410
9140	10425
9154	1237
9168	8243
9175	26713
9182	8790
9189	45727
921	6286
9210	16853
9231	682
9238	20081
9259	5045
9273	25737
9280	35438
9294	21351
9301	9561
9308	2188
9315	35425
9329	3208
9336	39562
9343	7854
9357	37807
9364	3770
9371	20415
9378	9947
9385	35625
9392	12053
9399	11254
9413	15239
942	2054
9434	5966
9441	141
9455	32166
9462	10239
9469	11141
9476	6507
9483	35662
949	70
9490	5471
9497	23526
9504	31376
9511	8023
9532	137
9539	44988
9553	338
956	8544
9560	6334
9567	1571
9574	78717
9581	14225
9595	9117
9602	33821
9623	7011
963	9223
9630	21330
9637	12442
9644	8443
9658	8898
9672	25577
9686	42036
9693	82
97	7164
970	8102
9721	39804
9728	10972
9735	96
9749	18725
9756	8806
9763	25737
9770	117
9777	4164
9784	2612
9805	31295
9812	10338
9819	3437
9826	282
9833	19378
9840	103
9847	921
9854	74457
9868	50214
9875	30062
9882	3594
9889	82
9896	25610
9903	14199
991	5759
9924	48486
9938	11374
9945	27327
9959	501
9966	315
9973	14748
998	19378
9980	28662
9987	71443
9994	1567
